1	6	2	3	5	1	4	4461.00	417.00	455.00	3730.00	302.00	364.00
1	1	4	3	2	5	6	3730.00	21134.00	525.00	664.00	430.00	390.00
1	3	4	1	2	5	6	4061.00	498.00	448.00	779.00	456.00	382.00
1	2	1	3	4	5	6	3584.00	454.00	2186.00	673.00	393.00	362.00
1	2	1	3	5	4	6	4542.00	633.00	305.00	584.00	318.00	303.00
1	3	1	2	4	5	6	5249.00	551.00	503.00	1661.00	270.00	392.00
1	6	2	3	4	1	5	1431.00	289.00	501.00	331.00	367.00	403.00
1	2	4	1	6	5	3	4710.00	2256.00	2188.00	459.00	849.00	363.00
1	6	2	3	4	1	5	5736.00	419.00	498.00	1136.00	416.00	428.00
1	1	2	3	4	5	6	2672.00	1693.00	4355.00	497.00	295.00	334.00
1	1	5	3	4	6	2	5443.00	2572.00	1071.00	995.00	337.00	264.00
1	2	4	3	5	1	6	4667.00	325.00	337.00	559.00	296.00	308.00
1	3	6	4	1	2	5	3213.00	443.00	422.00	764.00	395.00	264.00
1	1	2	3	6	5	4	7522.00	1849.00	527.00	850.00	348.00	346.00
1	5	2	1	6	3	4	4329.00	1266.00	965.00	604.00	332.00	328.00
1	1	2	3	5	6	4	6982.00	549.00	314.00	348.00	290.00	246.00
1	5	3	2	4	1	6	2037.00	720.00	543.00	365.00	329.00	349.00
1	6	3	2	4	5	1	2128.00	426.00	1296.00	592.00	400.00	409.00
1	5	3	6	4	2	1	2241.00	659.00	480.00	1384.00	403.00	470.00
1	4	3	5	1	2	6	1934.00	700.00	465.00	1191.00	434.00	507.00
1	5	1	6	2	3	4	2094.00	1395.00	408.00	444.00	735.00	1145.00
1	3	4	2	1	5	6	5215.00	2436.00	443.00	418.00	505.00	366.00
1	4	2	3	5	6	1	4079.00	446.00	978.00	1019.00	343.00	293.00
1	5	1	6	4	2	3	4985.00	714.00	482.00	579.00	1160.00	630.00
1	3	1	2	4	5	6	5792.00	390.00	559.00	799.00	366.00	274.00
1	1	4	3	5	2	6	1389.00	5360.00	528.00	467.00	753.00	361.00
1	1	3	2	5	4	6	1622.00	4184.00	460.00	1698.00	544.00	286.00
1	5	3	2	6	4	1	10286.00	850.00	1995.00	1254.00	374.00	410.00
1	2	1	3	4	5	6	4193.00	592.00	536.00	758.00	406.00	601.00
1	1	2	3	6	5	4	934.00	1263.00	282.00	1836.00	983.00	307.00
1	4	1	3	2	6	5	3001.00	623.00	765.00	663.00	460.00	642.00
1	6	2	3	4	5	1	8857.00	2061.00	506.00	816.00	650.00	293.00
1	4	3	5	1	6	2	8076.00	625.00	390.00	943.00	475.00	396.00
1	1	2	3	6	4	5	4632.00	634.00	426.00	1176.00	953.00	400.00
1	1	2	3	4	5	6	2034.00	2193.00	4192.00	767.00	681.00	297.00
1	1	2	3	5	4	6	7028.00	410.00	430.00	1039.00	390.00	351.00
1	1	5	3	4	2	6	4799.00	6988.00	498.00	704.00	1213.00	341.00
1	1	2	3	6	4	5	3494.00	3562.00	726.00	545.00	390.00	399.00
1	2	1	3	4	6	5	9897.00	473.00	505.00	2879.00	374.00	658.00
1	1	2	3	4	5	6	9086.00	647.00	465.00	2319.00	408.00	340.00
1	1	3	2	4	5	6	6462.00	366.00	362.00	4139.00	392.00	273.00
1	6	2	3	5	4	1	10856.00	666.00	463.00	957.00	516.00	388.00
1	2	4	5	3	6	1	11022.00	490.00	749.00	1050.00	371.00	327.00
1	4	2	3	5	6	1	5766.00	638.00	574.00	1377.00	401.00	386.00
1	1	2	4	6	5	3	2448.00	2097.00	734.00	2952.00	748.00	353.00
1	1	4	2	5	6	3	1894.00	1004.00	786.00	559.00	663.00	413.00
1	2	4	5	6	3	1	5417.00	998.00	4197.00	844.00	747.00	696.00
1	4	3	1	6	5	2	3342.00	806.00	536.00	755.00	650.00	685.00
1	1	2	3	6	5	4	2904.00	585.00	1751.00	1880.00	507.00	384.00
1	1	2	3	4	5	6	5514.00	777.00	531.00	534.00	585.00	390.00
1	1	2	6	4	3	5	7287.00	769.00	2763.00	323.00	351.00	504.00
1	6	3	1	4	2	5	3276.00	1247.00	623.00	1108.00	680.00	616.00
1	1	2	3	6	4	5	13850.00	1132.00	437.00	295.00	427.00	361.00
1	1	2	4	3	6	5	6264.00	1090.00	3090.00	640.00	352.00	394.00
1	4	2	3	6	1	5	4323.00	370.00	637.00	3837.00	414.00	361.00
1	1	2	3	5	6	4	3168.00	1214.00	575.00	610.00	443.00	407.00
1	4	2	3	5	1	6	3050.00	824.00	469.00	2715.00	496.00	470.00
1	4	1	6	3	2	5	3518.00	783.00	436.00	549.00	451.00	686.00
1	1	4	3	2	5	6	1259.00	2366.00	471.00	1112.00	339.00	378.00
1	1	6	3	4	2	5	2001.00	2796.00	696.00	1435.00	519.00	488.00
1	2	1	3	4	5	6	2701.00	487.00	562.00	1155.00	351.00	440.00
1	1	2	3	4	6	5	1023.00	1371.00	2099.00	504.00	309.00	300.00
1	4	1	3	2	5	6	8781.00	490.00	565.00	871.00	1198.00	396.00
1	1	2	6	4	5	3	1790.00	919.00	1022.00	1489.00	449.00	444.00
1	1	2	3	4	5	6	1697.00	1791.00	432.00	1073.00	319.00	400.00
1	1	2	3	4	5	6	6884.00	5808.00	2656.00	690.00	614.00	399.00
1	1	2	3	5	4	6	2314.00	3128.00	918.00	851.00	389.00	315.00
1	1	5	3	2	6	4	6110.00	675.00	2706.00	639.00	423.00	318.00
1	3	2	1	5	6	4	7313.00	856.00	611.00	693.00	415.00	763.00
1	1	4	3	6	5	2	1170.00	3906.00	496.00	1718.00	353.00	363.00
1	6	3	2	1	4	5	3642.00	462.00	388.00	3274.00	301.00	508.00
1	1	2	6	3	4	5	2738.00	1173.00	2133.00	4306.00	436.00	509.00
1	1	2	3	4	6	5	4190.00	498.00	2296.00	3140.00	428.00	387.00
1	5	1	2	3	4	6	5258.00	1271.00	458.00	736.00	402.00	459.00
1	3	6	2	1	5	4	5338.00	431.00	440.00	689.00	387.00	721.00
1	1	2	3	6	4	5	3892.00	639.00	439.00	880.00	455.00	386.00
1	1	2	3	5	6	4	1680.00	484.00	8728.00	409.00	389.00	403.00
1	1	3	2	4	5	6	6126.00	589.00	467.00	1857.00	430.00	335.00
1	2	1	3	4	5	6	4232.00	303.00	478.00	654.00	505.00	279.00
1	1	2	3	6	4	5	1101.00	1384.00	1147.00	1894.00	300.00	346.00
2	1	2	3	4	5	6	2650.00	2042.00	1524.00	840.00	680.00	487.00
2	1	2	3	4	5	6	1776.00	2526.00	911.00	1019.00	1279.00	508.00
2	1	2	3	5	4	6	2983.00	816.00	1738.00	1168.00	1192.00	547.00
2	1	2	4	6	3	5	4120.00	2855.00	1305.00	3804.00	663.00	412.00
2	1	2	6	5	3	4	1592.00	1042.00	1776.00	1878.00	721.00	577.00
2	1	3	2	6	5	4	3433.00	1219.00	1035.00	1146.00	926.00	967.00
2	5	2	1	4	3	6	5538.00	1318.00	564.00	1271.00	473.00	362.00
2	5	2	3	4	1	6	4398.00	852.00	622.00	523.00	918.00	437.00
2	1	2	3	4	6	5	2573.00	2079.00	553.00	1362.00	639.00	359.00
2	4	2	6	5	1	3	3739.00	882.00	697.00	1259.00	651.00	550.00
2	2	5	3	4	1	6	2990.00	1098.00	1123.00	1177.00	2218.00	734.00
2	1	2	3	4	5	6	2392.00	886.00	1312.00	1618.00	1105.00	484.00
2	1	3	2	6	4	5	1390.00	2632.00	2109.00	2101.00	665.00	551.00
2	1	3	2	4	5	6	2155.00	2578.00	629.00	1674.00	683.00	403.00
2	5	2	1	4	3	6	4654.00	566.00	545.00	1062.00	354.00	379.00
2	1	2	5	4	3	6	2136.00	3820.00	1386.00	908.00	993.00	511.00
2	3	2	4	5	1	6	1830.00	1455.00	822.00	995.00	505.00	439.00
2	4	3	2	1	5	6	3823.00	1309.00	3183.00	1848.00	595.00	659.00
2	5	3	6	4	2	1	5152.00	1600.00	820.00	2385.00	759.00	1278.00
2	3	2	1	4	5	6	7022.00	5396.00	718.00	854.00	648.00	579.00
2	4	2	3	5	1	6	2778.00	1148.00	3640.00	3433.00	883.00	714.00
2	1	4	3	5	2	6	3690.00	1021.00	841.00	2120.00	714.00	561.00
2	5	1	2	4	6	3	4512.00	2875.00	519.00	1200.00	958.00	692.00
2	1	2	3	5	4	6	1542.00	2495.00	1066.00	1838.00	433.00	442.00
2	1	2	6	4	5	3	3656.00	750.00	803.00	755.00	730.00	532.00
2	1	5	3	4	2	6	2050.00	2775.00	641.00	985.00	533.00	376.00
2	1	2	3	6	5	4	2137.00	733.00	824.00	1676.00	648.00	387.00
2	1	2	3	4	5	6	1584.00	4241.00	600.00	520.00	824.00	317.00
2	1	2	3	6	4	5	3228.00	2503.00	362.00	2531.00	499.00	449.00
2	4	6	3	1	2	5	3738.00	1000.00	887.00	1833.00	865.00	454.00
2	2	1	3	4	5	6	1917.00	488.00	635.00	827.00	383.00	462.00
2	1	3	2	5	4	6	1913.00	4210.00	875.00	2010.00	415.00	363.00
2	4	2	3	5	1	6	2417.00	1492.00	628.00	1009.00	466.00	376.00
2	3	1	4	5	6	2	4515.00	784.00	3021.00	542.00	1356.00	313.00
2	1	2	3	4	5	6	2759.00	1663.00	936.00	1897.00	639.00	767.00
2	4	2	3	1	5	6	1962.00	1501.00	495.00	1482.00	575.00	465.00
2	1	2	4	3	5	6	2142.00	1139.00	1979.00	633.00	449.00	484.00
2	1	2	3	4	6	5	3981.00	2875.00	855.00	2273.00	615.00	546.00
2	1	6	3	4	5	2	1691.00	3065.00	730.00	1100.00	584.00	717.00
2	2	4	3	6	5	1	4920.00	964.00	723.00	1482.00	519.00	728.00
2	1	5	3	4	2	6	6531.00	713.00	568.00	835.00	1130.00	515.00
2	1	3	2	5	4	6	2512.00	3550.00	2632.00	533.00	584.00	494.00
2	5	1	3	4	2	6	6763.00	432.00	569.00	828.00	1512.00	433.00
2	1	3	6	4	2	5	2591.00	4405.00	1779.00	737.00	963.00	634.00
2	1	4	3	2	5	6	1301.00	2127.00	1529.00	2088.00	611.00	469.00
2	2	6	3	5	1	4	2646.00	870.00	739.00	912.00	307.00	395.00
2	5	1	3	4	6	2	6778.00	7457.00	570.00	2885.00	588.00	514.00
2	4	2	3	1	5	6	2547.00	1968.00	2027.00	1107.00	790.00	739.00
2	1	4	3	5	2	6	1544.00	1937.00	775.00	1049.00	986.00	670.00
2	1	4	6	3	2	5	2108.00	2604.00	1796.00	1023.00	651.00	637.00
2	1	2	6	3	5	4	1659.00	6122.00	1193.00	964.00	579.00	544.00
2	1	3	6	5	4	2	1989.00	3605.00	425.00	1199.00	821.00	497.00
2	2	1	3	4	5	6	4510.00	1145.00	652.00	2343.00	1195.00	600.00
2	1	3	6	4	2	5	3047.00	3269.00	1216.00	784.00	645.00	880.00
2	1	5	3	4	6	2	2030.00	2454.00	1217.00	1226.00	957.00	771.00
2	1	6	4	2	3	5	3511.00	1241.00	878.00	2397.00	1627.00	693.00
2	1	2	3	4	5	6	2354.00	953.00	791.00	1743.00	624.00	413.00
2	1	2	3	5	4	6	1582.00	4191.00	398.00	671.00	1087.00	336.00
2	1	2	3	6	4	5	1447.00	3510.00	784.00	3165.00	603.00	443.00
2	1	5	4	2	3	6	2566.00	822.00	779.00	2519.00	568.00	667.00
3	1	2	3	5	4	6	1918.00	3233.00	1164.00	1489.00	513.00	385.00
3	4	2	3	1	5	6	2393.00	976.00	825.00	2703.00	1882.00	773.00
3	3	1	2	6	5	4	3536.00	2799.00	559.00	1495.00	574.00	425.00
3	1	2	3	4	5	6	2549.00	1050.00	819.00	1168.00	448.00	404.00
3	1	3	2	6	5	4	4167.00	865.00	1046.00	2335.00	610.00	301.00
3	3	2	1	5	4	6	5031.00	840.00	967.00	512.00	977.00	586.00
3	3	1	2	4	5	6	5962.00	2682.00	753.00	1585.00	498.00	384.00
3	1	2	3	4	6	5	1727.00	2434.00	865.00	1349.00	1168.00	512.00
3	1	2	3	4	5	6	4266.00	1094.00	1807.00	971.00	340.00	418.00
3	1	2	3	5	4	6	3456.00	2951.00	955.00	1282.00	407.00	307.00
3	1	2	3	6	5	4	2051.00	880.00	775.00	1241.00	639.00	567.00
3	1	2	3	4	5	6	3240.00	1291.00	947.00	775.00	433.00	322.00
3	1	2	3	4	5	6	1478.00	2139.00	912.00	2539.00	383.00	421.00
3	1	6	2	4	5	3	2833.00	1341.00	711.00	1375.00	426.00	432.00
3	1	3	2	5	4	6	1398.00	1443.00	647.00	2570.00	426.00	504.00
3	4	2	3	5	1	6	4212.00	2701.00	1912.00	1880.00	699.00	528.00
3	1	3	4	2	5	6	7379.00	672.00	488.00	1355.00	568.00	299.00
3	1	2	3	4	5	6	8595.00	835.00	1154.00	880.00	407.00	531.00
3	4	2	6	5	1	3	3748.00	386.00	584.00	3174.00	459.00	353.00
3	1	2	3	4	5	6	5589.00	1492.00	835.00	882.00	441.00	322.00
3	1	2	3	4	5	6	4670.00	632.00	720.00	1352.00	554.00	331.00
3	1	4	3	2	5	6	2217.00	4909.00	815.00	2537.00	644.00	363.00
3	1	3	2	4	5	6	5126.00	674.00	754.00	641.00	537.00	492.00
3	1	2	6	4	5	3	5409.00	1171.00	779.00	1456.00	344.00	542.00
3	5	4	3	2	1	6	4940.00	590.00	483.00	847.00	440.00	337.00
3	5	2	1	4	3	6	4671.00	1154.00	1064.00	811.00	821.00	434.00
3	1	2	3	5	4	6	7649.00	1010.00	667.00	544.00	511.00	526.00
3	1	2	3	4	5	6	2209.00	2027.00	1002.00	745.00	462.00	372.00
3	1	2	3	4	5	6	4170.00	4923.00	559.00	1800.00	371.00	367.00
3	1	2	3	4	5	6	1280.00	830.00	890.00	2180.00	312.00	346.00
3	1	2	3	4	5	6	4349.00	1281.00	950.00	1258.00	355.00	404.00
3	1	2	3	4	6	5	3191.00	1370.00	705.00	4887.00	435.00	588.00
3	1	2	3	4	5	6	4672.00	626.00	688.00	1130.00	427.00	321.00
3	1	2	3	4	6	5	4654.00	702.00	571.00	446.00	569.00	468.00
3	1	2	3	4	6	5	1705.00	2058.00	1039.00	1926.00	400.00	401.00
3	1	2	3	4	5	6	1858.00	888.00	1682.00	1901.00	563.00	363.00
3	1	2	3	4	5	6	1638.00	1906.00	2139.00	727.00	346.00	281.00
3	1	2	6	4	5	3	2259.00	1127.00	2007.00	1258.00	674.00	882.00
3	1	2	3	5	6	4	3931.00	757.00	741.00	1538.00	401.00	266.00
3	1	2	3	4	6	5	4001.00	688.00	947.00	2350.00	452.00	368.00
3	2	1	3	4	5	6	1721.00	1413.00	940.00	2632.00	342.00	332.00
3	1	5	3	6	4	2	1087.00	2840.00	615.00	585.00	303.00	570.00
3	1	2	3	4	6	5	3042.00	904.00	765.00	2220.00	528.00	452.00
3	1	2	3	4	5	6	3000.00	1182.00	914.00	2776.00	530.00	510.00
3	1	2	3	6	4	5	2584.00	1731.00	1121.00	1263.00	546.00	456.00
3	6	-1	2	-1	4	3	3607.00	0.00	3784.00	0.00	473.00	322.00
3	1	2	3	4	5	6	10130.00	591.00	631.00	647.00	505.00	327.00
3	2	1	3	5	4	6	3893.00	768.00	890.00	836.00	355.00	292.00
3	1	2	3	4	5	6	4049.00	1027.00	807.00	2993.00	388.00	619.00
3	1	3	-1	2	6	5	5238.00	2689.00	0.00	1666.00	587.00	329.00
3	1	2	3	4	5	6	5738.00	670.00	859.00	1151.00	387.00	281.00
3	1	2	3	4	5	6	3410.00	3878.00	695.00	1057.00	1178.00	355.00
3	1	2	3	4	5	6	3386.00	1050.00	1091.00	1564.00	648.00	411.00
3	2	-1	4	1	5	6	9155.00	0.00	676.00	3781.00	381.00	643.00
3	5	2	3	4	1	6	5842.00	1322.00	695.00	1530.00	681.00	433.00
3	1	2	3	5	4	6	5160.00	1555.00	1296.00	904.00	340.00	244.00
3	1	2	3	4	5	6	4064.00	893.00	847.00	1185.00	580.00	369.00
3	1	2	3	5	4	6	1349.00	1160.00	1990.00	1014.00	359.00	304.00
3	1	2	3	4	5	6	2001.00	1204.00	841.00	905.00	413.00	328.00
3	1	2	3	4	5	6	1847.00	730.00	813.00	2343.00	1074.00	337.00
3	1	2	3	5	4	6	4529.00	834.00	1057.00	1370.00	498.00	311.00
3	1	2	3	4	5	6	6515.00	677.00	709.00	1362.00	495.00	363.00
3	1	2	3	4	5	6	4799.00	820.00	832.00	1167.00	384.00	302.00
3	6	2	1	3	4	5	3980.00	657.00	551.00	687.00	529.00	364.00
3	5	2	3	1	4	6	5166.00	3121.00	647.00	1634.00	531.00	446.00
3	1	2	3	4	5	6	2586.00	1798.00	673.00	4553.00	391.00	360.00
3	1	2	3	4	5	6	4601.00	679.00	822.00	1291.00	387.00	385.00
3	4	2	3	1	5	6	5886.00	918.00	917.00	676.00	508.00	554.00
3	1	2	3	4	5	6	2415.00	1354.00	2311.00	1230.00	465.00	486.00
3	1	2	3	6	5	4	1671.00	2592.00	629.00	1931.00	296.00	335.00
3	4	1	3	-1	6	2	6358.00	1330.00	618.00	0.00	519.00	288.00
3	1	3	5	4	6	2	3331.00	1297.00	1785.00	577.00	444.00	424.00
3	3	1	6	4	-1	-1	6246.00	1820.00	1738.00	552.00	0.00	0.00
3	1	2	3	6	5	4	3598.00	735.00	658.00	3039.00	330.00	334.00
3	6	2	3	-1	4	-1	4666.00	604.00	983.00	0.00	1015.00	0.00
3	1	2	3	4	5	6	3019.00	684.00	782.00	883.00	458.00	336.00
3	1	2	3	5	4	6	1679.00	915.00	1065.00	2197.00	511.00	359.00
3	1	2	3	6	5	4	1440.00	2604.00	869.00	2673.00	318.00	351.00
3	1	2	3	4	5	6	3879.00	959.00	838.00	909.00	585.00	359.00
3	2	1	3	5	4	6	4081.00	1128.00	697.00	2283.00	565.00	424.00
4	1	2	3	4	6	5	2702.00	1184.00	716.00	787.00	1096.00	609.00
4	4	2	3	1	5	6	4201.00	752.00	855.00	1481.00	1014.00	527.00
4	1	2	4	5	3	6	3958.00	4966.00	1450.00	553.00	705.00	431.00
4	1	6	2	4	3	5	5148.00	2893.00	731.00	846.00	544.00	501.00
4	1	3	2	5	4	6	6344.00	721.00	784.00	1957.00	3352.00	674.00
4	1	2	3	4	5	6	5877.00	2683.00	1298.00	2226.00	649.00	652.00
4	1	2	3	5	4	6	6668.00	795.00	595.00	2323.00	708.00	497.00
4	1	4	2	3	5	6	7042.00	1915.00	819.00	1944.00	984.00	476.00
4	4	1	3	6	5	2	8478.00	3929.00	515.00	4524.00	1297.00	424.00
4	4	1	3	6	2	5	6087.00	2927.00	2469.00	1379.00	1403.00	432.00
4	1	5	3	4	6	2	4275.00	2962.00	632.00	496.00	1011.00	469.00
4	5	2	1	3	6	4	3792.00	913.00	592.00	1696.00	766.00	504.00
4	1	6	5	4	3	2	3475.00	3324.00	642.00	1082.00	1288.00	792.00
4	1	4	5	2	3	6	1554.00	6691.00	2256.00	580.00	514.00	458.00
4	1	3	6	4	5	2	2096.00	4029.00	554.00	2010.00	447.00	347.00
4	1	2	3	5	4	6	2218.00	8142.00	631.00	735.00	490.00	557.00
4	1	6	3	4	5	2	5776.00	3611.00	678.00	2638.00	523.00	398.00
4	1	4	2	3	5	6	3671.00	2968.00	2814.00	1176.00	545.00	374.00
4	1	4	3	2	5	6	3925.00	5039.00	723.00	1323.00	592.00	448.00
4	1	2	5	4	6	3	3481.00	4850.00	1809.00	479.00	1288.00	496.00
4	1	2	3	4	5	6	7575.00	592.00	944.00	1060.00	1624.00	521.00
4	1	5	3	4	2	6	4214.00	1823.00	944.00	2188.00	635.00	531.00
4	1	2	3	4	5	6	2639.00	2462.00	1273.00	1831.00	751.00	439.00
4	1	2	3	4	5	6	3270.00	856.00	994.00	3617.00	1095.00	552.00
4	1	2	3	4	5	6	4805.00	1202.00	583.00	1917.00	2680.00	367.00
4	1	2	3	4	5	6	2530.00	8170.00	521.00	3329.00	686.00	393.00
4	1	2	3	4	6	5	6921.00	1121.00	3319.00	953.00	1840.00	531.00
4	1	2	3	4	5	6	5384.00	999.00	966.00	3831.00	503.00	589.00
4	1	2	3	5	6	4	8493.00	2747.00	3648.00	2163.00	797.00	676.00
4	1	4	3	5	2	6	5999.00	1870.00	3391.00	1577.00	824.00	355.00
4	3	2	5	4	1	6	6519.00	1202.00	4848.00	2047.00	433.00	530.00
4	1	2	3	5	4	6	3185.00	1049.00	922.00	1577.00	504.00	598.00
4	1	2	3	4	5	6	4068.00	1241.00	1671.00	2064.00	687.00	594.00
4	1	2	4	3	5	6	6146.00	1196.00	5258.00	1479.00	716.00	747.00
4	1	6	3	4	5	2	6870.00	2135.00	1396.00	1857.00	782.00	515.00
4	1	2	3	4	6	5	1799.00	2738.00	1948.00	2940.00	1453.00	549.00
4	1	2	3	4	5	6	3244.00	681.00	705.00	2502.00	465.00	407.00
4	1	2	3	4	5	6	3548.00	2259.00	2319.00	1840.00	483.00	604.00
4	1	2	3	5	4	6	8543.00	687.00	586.00	3711.00	448.00	412.00
4	1	2	3	4	5	6	3966.00	6480.00	1483.00	1360.00	717.00	461.00
4	1	2	3	5	4	6	2230.00	4269.00	793.00	1848.00	739.00	872.00
4	1	2	3	5	4	6	5574.00	1522.00	910.00	3067.00	507.00	417.00
4	1	2	3	4	6	5	1542.00	1872.00	688.00	3099.00	2739.00	453.00
4	1	4	3	2	5	6	10968.00	4881.00	1132.00	653.00	400.00	545.00
4	1	3	2	4	5	6	8158.00	1010.00	1627.00	2957.00	465.00	519.00
4	1	2	3	5	4	6	5418.00	727.00	929.00	1523.00	687.00	729.00
4	1	4	3	2	5	6	4991.00	3144.00	1409.00	1296.00	552.00	433.00
4	1	2	3	4	5	6	7222.00	668.00	3945.00	853.00	527.00	458.00
4	1	2	3	6	4	5	4921.00	917.00	3716.00	1685.00	649.00	515.00
4	1	2	3	4	5	6	2363.00	3100.00	1589.00	2126.00	672.00	480.00
4	1	2	3	4	5	6	2780.00	4294.00	1048.00	937.00	482.00	499.00
4	1	2	3	4	5	6	3109.00	1160.00	1806.00	1705.00	738.00	415.00
4	1	2	3	5	4	6	4182.00	954.00	3489.00	2661.00	391.00	496.00
4	1	2	3	4	5	6	2826.00	1279.00	828.00	4545.00	564.00	375.00
4	1	3	4	2	5	6	1984.00	4480.00	2078.00	632.00	552.00	408.00
4	1	2	3	5	4	6	4045.00	3063.00	832.00	4047.00	3050.00	400.00
4	2	5	3	4	1	6	3550.00	1711.00	928.00	2994.00	477.00	374.00
4	2	3	6	1	5	4	5673.00	5111.00	951.00	3931.00	838.00	469.00
4	1	2	3	4	5	6	1631.00	3496.00	1583.00	2473.00	479.00	391.00
4	1	2	3	5	4	6	6716.00	1142.00	1089.00	1322.00	535.00	426.00
4	1	2	3	4	6	5	2825.00	1371.00	1163.00	1281.00	1494.00	565.00
4	1	4	2	5	6	3	2142.00	2802.00	2994.00	1357.00	1858.00	496.00
4	3	2	1	4	5	6	10246.00	4090.00	2084.00	566.00	705.00	438.00
4	1	2	3	4	5	6	1126.00	3103.00	3080.00	2491.00	507.00	506.00
4	1	2	3	4	5	6	2337.00	6557.00	752.00	3879.00	591.00	496.00
4	1	2	3	4	6	5	1681.00	3061.00	5622.00	2168.00	451.00	462.00
4	1	2	3	6	5	4	1661.00	7502.00	514.00	3211.00	488.00	547.00
4	1	2	3	4	5	6	2223.00	950.00	3850.00	5133.00	571.00	582.00
4	1	2	3	4	5	6	2741.00	1223.00	5402.00	2276.00	683.00	499.00
4	1	2	3	4	5	6	1038.00	1773.00	3283.00	4096.00	874.00	553.00
4	1	3	2	4	5	6	1951.00	6975.00	811.00	4037.00	1220.00	487.00
4	1	2	3	4	5	6	1351.00	1153.00	927.00	2321.00	458.00	448.00
4	1	2	3	4	6	5	3193.00	1091.00	1172.00	2773.00	407.00	402.00
4	1	2	3	4	5	6	8237.00	1057.00	930.00	2259.00	575.00	522.00
4	1	6	4	2	5	3	1397.00	6258.00	739.00	1040.00	406.00	546.00
4	1	2	3	4	6	5	3580.00	1771.00	689.00	1363.00	1384.00	451.00
4	1	2	5	3	4	6	8562.00	1005.00	2835.00	1592.00	553.00	401.00
4	1	2	3	6	4	5	2402.00	8035.00	2103.00	3716.00	949.00	489.00
4	1	2	4	3	5	6	2397.00	3731.00	7214.00	817.00	675.00	627.00
4	1	2	3	4	5	6	2455.00	2227.00	1130.00	1450.00	474.00	330.00
5	1	2	3	6	5	4	1189.00	1937.00	558.00	1406.00	619.00	441.00
5	2	5	1	4	3	6	3951.00	2603.00	924.00	1219.00	1107.00	567.00
5	1	5	6	2	3	4	4301.00	552.00	481.00	1001.00	448.00	483.00
5	1	4	2	5	6	3	4361.00	808.00	778.00	3246.00	612.00	527.00
5	4	2	1	6	3	5	2824.00	3097.00	418.00	536.00	2595.00	361.00
5	1	3	5	6	2	4	3367.00	3908.00	857.00	1435.00	3280.00	411.00
5	1	2	3	4	5	6	2225.00	736.00	618.00	2296.00	2460.00	383.00
5	3	1	4	5	2	6	6133.00	3111.00	1058.00	830.00	778.00	887.00
5	2	4	6	5	3	1	6176.00	6593.00	2764.00	739.00	2744.00	410.00
5	1	2	3	6	5	4	4986.00	667.00	1032.00	1011.00	669.00	474.00
5	2	5	3	6	4	1	1670.00	3752.00	728.00	2683.00	1074.00	528.00
5	3	5	4	6	2	1	6246.00	3414.00	681.00	2049.00	2430.00	468.00
5	1	2	5	6	3	4	4694.00	773.00	2375.00	1899.00	1808.00	662.00
5	1	6	4	2	3	5	4351.00	1146.00	1030.00	1585.00	595.00	547.00
5	4	5	2	3	1	6	3678.00	615.00	609.00	1420.00	563.00	615.00
5	1	2	3	5	6	4	6055.00	697.00	790.00	3802.00	459.00	681.00
5	1	3	2	4	5	6	4625.00	876.00	2459.00	2190.00	437.00	550.00
5	1	2	3	6	4	5	4275.00	914.00	561.00	2401.00	586.00	447.00
5	1	2	6	5	4	3	3401.00	899.00	935.00	2665.00	2443.00	444.00
5	5	2	3	4	6	1	7505.00	750.00	1354.00	1032.00	3342.00	566.00
5	2	1	3	4	6	5	4483.00	4497.00	777.00	2764.00	1683.00	527.00
5	1	4	3	5	6	2	2266.00	5361.00	1147.00	4478.00	2316.00	619.00
5	1	2	3	6	5	4	5876.00	1505.00	2635.00	2152.00	607.00	410.00
5	1	5	3	2	4	6	4424.00	1507.00	717.00	2197.00	779.00	608.00
5	1	2	4	5	3	6	7443.00	1866.00	1394.00	2111.00	535.00	570.00
5	3	1	2	4	5	6	8861.00	905.00	805.00	983.00	1083.00	513.00
5	5	2	3	4	1	6	4584.00	4883.00	951.00	6115.00	664.00	461.00
5	1	4	3	2	5	6	4383.00	2899.00	4484.00	762.00	833.00	497.00
5	1	3	2	5	4	6	6771.00	3831.00	1120.00	949.00	553.00	473.00
5	1	3	6	4	2	5	8361.00	973.00	4774.00	1709.00	806.00	504.00
5	3	2	1	5	4	6	8704.00	4287.00	2528.00	3609.00	804.00	582.00
5	6	2	3	1	4	5	6763.00	1887.00	610.00	3757.00	1397.00	410.00
5	1	2	3	5	4	6	7477.00	500.00	562.00	3866.00	464.00	494.00
5	1	2	3	5	4	6	4888.00	623.00	604.00	2231.00	606.00	497.00
5	1	4	3	5	2	6	7305.00	606.00	608.00	603.00	1875.00	518.00
5	3	2	4	6	5	1	8010.00	5786.00	792.00	4455.00	760.00	463.00
5	6	1	5	4	3	2	5123.00	2590.00	3419.00	1179.00	723.00	402.00
5	1	2	3	4	6	5	10630.00	1499.00	619.00	608.00	2699.00	437.00
5	4	2	3	6	1	5	6530.00	863.00	3172.00	1034.00	528.00	651.00
5	1	2	3	6	5	4	6174.00	607.00	570.00	5621.00	617.00	571.00
5	1	5	4	3	2	6	8044.00	1033.00	623.00	4845.00	585.00	471.00
5	1	2	3	4	5	6	7968.00	1415.00	535.00	3266.00	642.00	450.00
5	1	2	3	5	4	6	2199.00	3497.00	504.00	4718.00	507.00	456.00
5	1	2	3	4	5	6	1834.00	2731.00	466.00	2112.00	648.00	394.00
5	5	2	3	1	4	6	3279.00	2625.00	519.00	2127.00	1793.00	506.00
5	1	2	3	4	5	6	4203.00	1802.00	1317.00	6961.00	626.00	672.00
5	1	2	3	4	5	6	4693.00	3044.00	2642.00	802.00	514.00	434.00
5	1	6	3	5	4	2	3280.00	7147.00	792.00	2136.00	2116.00	438.00
5	1	2	3	4	5	6	5823.00	706.00	631.00	7055.00	475.00	475.00
5	6	2	3	1	4	5	9574.00	1223.00	778.00	2655.00	1417.00	473.00
5	1	3	2	4	5	6	8215.00	2822.00	560.00	5976.00	491.00	398.00
5	1	2	3	4	5	6	9451.00	1394.00	823.00	748.00	745.00	326.00
5	1	2	3	4	5	6	3047.00	637.00	685.00	1912.00	1032.00	411.00
5	1	2	3	4	5	6	5942.00	1753.00	634.00	2114.00	505.00	415.00
5	1	5	3	4	2	6	1764.00	5048.00	699.00	1112.00	614.00	497.00
5	1	2	3	4	5	6	13055.00	3575.00	763.00	507.00	713.00	448.00
5	1	2	3	4	5	6	2837.00	1218.00	730.00	4660.00	391.00	584.00
5	1	4	3	5	2	6	5616.00	2244.00	997.00	2140.00	408.00	500.00
5	1	2	3	4	5	6	10119.00	792.00	656.00	3434.00	444.00	464.00
5	2	1	3	4	6	5	7685.00	627.00	664.00	1350.00	376.00	422.00
5	3	4	1	5	6	2	4886.00	562.00	475.00	899.00	1495.00	423.00
5	3	1	5	6	2	4	1729.00	599.00	687.00	3338.00	673.00	457.00
5	4	2	5	3	1	6	3880.00	1424.00	682.00	3778.00	672.00	400.00
5	1	2	3	5	4	6	8766.00	4152.00	1239.00	2733.00	639.00	447.00
5	6	2	3	5	4	1	4780.00	2302.00	578.00	1759.00	1387.00	565.00
5	1	2	3	6	5	4	1536.00	847.00	1185.00	1620.00	403.00	419.00
5	3	4	5	2	1	6	3377.00	656.00	963.00	1074.00	480.00	416.00
5	1	2	3	4	5	6	5247.00	3065.00	650.00	581.00	458.00	464.00
5	1	2	3	4	5	6	10312.00	745.00	1421.00	664.00	405.00	528.00
5	1	5	4	2	3	6	3848.00	3987.00	3728.00	2484.00	1348.00	335.00
5	3	2	1	4	5	6	3576.00	375.00	562.00	1955.00	379.00	393.00
5	1	2	3	5	4	6	3734.00	570.00	1541.00	3694.00	345.00	440.00
5	6	2	3	5	4	1	11048.00	2825.00	1370.00	4250.00	740.00	521.00
5	1	6	3	4	2	5	3727.00	1179.00	1003.00	1610.00	1504.00	386.00
5	2	6	3	1	5	4	5512.00	743.00	467.00	2962.00	624.00	309.00
5	4	2	3	1	5	6	3792.00	648.00	523.00	450.00	543.00	365.00
5	1	2	3	4	5	6	1557.00	7090.00	573.00	840.00	591.00	399.00
5	5	2	3	4	1	6	6056.00	1090.00	571.00	766.00	1088.00	537.00
5	1	2	3	4	5	6	2652.00	1811.00	2489.00	626.00	383.00	334.00
5	1	2	3	4	5	6	2422.00	8106.00	1547.00	1189.00	472.00	313.00
6	2	5	6	1	3	4	5885.00	1021.00	1505.00	4699.00	722.00	1410.00
6	1	2	3	5	6	4	5866.00	663.00	1060.00	1896.00	2486.00	526.00
6	1	2	3	5	6	4	13875.00	2002.00	10077.00	686.00	441.00	786.00
6	1	5	4	3	2	6	5157.00	1448.00	1431.00	3161.00	535.00	442.00
6	1	4	6	5	3	2	3153.00	1324.00	4601.00	3414.00	315.00	420.00
6	3	4	1	2	6	5	12770.00	713.00	1737.00	1383.00	1105.00	485.00
6	1	5	3	6	4	2	3575.00	11050.00	387.00	3817.00	407.00	394.00
6	1	4	3	5	6	2	1284.00	3530.00	518.00	5663.00	602.00	402.00
6	1	2	3	4	5	6	1910.00	542.00	1196.00	2785.00	547.00	601.00
6	5	2	3	4	1	6	8623.00	478.00	575.00	1826.00	882.00	473.00
6	5	4	3	6	1	2	5803.00	539.00	560.00	2313.00	639.00	375.00
6	1	2	3	4	5	6	1765.00	2169.00	4394.00	672.00	680.00	432.00
6	1	2	3	4	5	6	6467.00	3398.00	657.00	3387.00	515.00	451.00
6	4	2	1	6	5	3	3057.00	5281.00	1420.00	2115.00	563.00	539.00
6	1	2	3	4	5	6	9645.00	451.00	486.00	1850.00	439.00	392.00
6	5	4	3	1	2	6	9280.00	783.00	516.00	2372.00	280.00	362.00
6	1	3	5	2	4	6	5959.00	1055.00	640.00	440.00	553.00	617.00
6	1	2	6	4	5	3	6231.00	843.00	6802.00	1276.00	529.00	388.00
6	1	2	3	4	5	6	4001.00	703.00	1868.00	2749.00	2321.00	451.00
6	1	2	3	4	5	6	3327.00	5484.00	574.00	561.00	929.00	411.00
6	1	3	5	4	6	2	4650.00	498.00	392.00	1137.00	337.00	280.00
6	1	5	3	6	4	2	3066.00	1274.00	4552.00	427.00	369.00	237.00
6	3	1	6	4	2	5	3967.00	2481.00	786.00	814.00	352.00	258.00
6	1	2	3	4	5	6	5229.00	590.00	1075.00	2153.00	729.00	347.00
6	1	2	4	6	3	5	1454.00	974.00	6079.00	804.00	323.00	326.00
6	1	2	3	5	4	6	3122.00	744.00	1317.00	2067.00	442.00	339.00
6	2	4	3	1	5	6	8828.00	466.00	480.00	985.00	413.00	393.00
6	1	4	3	5	2	6	6963.00	550.00	367.00	2475.00	328.00	252.00
6	3	1	2	4	5	6	11266.00	429.00	443.00	436.00	1132.00	397.00
6	1	3	2	4	6	5	3408.00	10244.00	304.00	559.00	311.00	384.00
6	2	1	3	4	6	5	1074.00	2640.00	648.00	2354.00	337.00	255.00
6	4	3	1	2	5	6	5367.00	497.00	495.00	898.00	2998.00	290.00
6	3	2	6	5	4	1	3655.00	370.00	398.00	2335.00	347.00	369.00
6	5	2	1	4	6	3	6253.00	591.00	607.00	1314.00	679.00	495.00
6	1	2	3	4	6	5	11970.00	631.00	631.00	1279.00	1812.00	354.00
6	1	2	3	5	4	6	1875.00	5003.00	575.00	1482.00	311.00	264.00
6	2	5	3	4	1	6	5458.00	2414.00	378.00	2240.00	2057.00	406.00
6	1	2	6	5	3	4	5284.00	981.00	777.00	3454.00	579.00	328.00
6	1	4	3	5	2	6	4358.00	1804.00	600.00	904.00	332.00	280.00
6	1	6	3	4	2	5	2749.00	4026.00	367.00	2586.00	520.00	296.00
6	1	3	6	2	5	4	1206.00	2822.00	4344.00	1252.00	732.00	294.00
6	1	4	2	3	5	6	10608.00	2875.00	2135.00	1123.00	417.00	272.00
6	1	5	3	4	2	6	8780.00	369.00	340.00	635.00	363.00	260.00
6	4	1	2	5	3	6	3328.00	621.00	290.00	413.00	385.00	335.00
6	4	2	6	3	1	5	5116.00	679.00	2791.00	460.00	1826.00	346.00
6	1	2	6	3	5	4	6932.00	384.00	2646.00	630.00	331.00	287.00
6	1	5	2	3	4	6	5007.00	635.00	531.00	518.00	558.00	375.00
6	2	4	6	3	5	1	2507.00	641.00	1137.00	770.00	364.00	360.00
6	6	2	3	1	5	4	4769.00	1568.00	359.00	1008.00	281.00	290.00
6	1	3	2	4	5	6	6088.00	3463.00	454.00	1010.00	427.00	401.00
6	3	4	6	1	5	2	878.00	317.00	398.00	359.00	248.00	364.00
6	2	1	3	4	5	6	7537.00	1378.00	346.00	504.00	310.00	376.00
6	1	2	3	4	5	6	5058.00	488.00	459.00	1217.00	385.00	312.00
6	1	2	3	4	5	6	3277.00	1504.00	458.00	2048.00	610.00	285.00
6	1	2	3	4	5	6	7502.00	722.00	714.00	538.00	1023.00	355.00
6	1	2	3	5	4	6	9723.00	329.00	357.00	622.00	3235.00	334.00
6	1	2	3	4	6	5	4807.00	5419.00	776.00	810.00	1500.00	363.00
6	1	2	3	4	5	6	3068.00	982.00	1010.00	1452.00	1187.00	302.00
6	5	3	2	4	1	6	7491.00	621.00	674.00	354.00	259.00	314.00
6	1	2	3	4	5	6	7906.00	1413.00	428.00	339.00	337.00	272.00
6	1	6	3	5	4	2	3464.00	487.00	466.00	1224.00	371.00	383.00
6	1	3	2	4	5	6	5534.00	402.00	1475.00	464.00	2030.00	262.00
6	1	2	3	4	6	5	5414.00	418.00	409.00	980.00	1128.00	545.00
6	1	3	2	5	4	6	2029.00	3109.00	2936.00	681.00	321.00	315.00
6	1	4	5	2	3	6	5685.00	478.00	2535.00	2122.00	435.00	436.00
6	1	2	3	4	6	5	7510.00	474.00	395.00	476.00	300.00	259.00
6	6	2	4	1	5	3	2642.00	362.00	971.00	316.00	702.00	235.00
6	5	2	3	4	1	6	3978.00	471.00	392.00	496.00	318.00	320.00
6	1	2	3	4	6	5	2513.00	983.00	1491.00	730.00	300.00	355.00
6	5	2	3	4	1	6	9287.00	1518.00	1787.00	2979.00	1348.00	416.00
6	4	1	3	6	5	2	5196.00	2551.00	1429.00	511.00	548.00	378.00
6	1	2	4	5	3	6	4701.00	280.00	1273.00	347.00	274.00	520.00
6	3	4	5	1	2	6	1378.00	417.00	423.00	414.00	289.00	285.00
6	2	1	3	4	5	6	3906.00	503.00	556.00	332.00	416.00	295.00
6	1	2	3	5	4	6	2831.00	859.00	424.00	318.00	399.00	344.00
6	1	2	3	5	4	6	3864.00	1509.00	1055.00	1336.00	312.00	281.00
6	1	2	3	6	5	4	5910.00	803.00	546.00	1376.00	920.00	246.00
6	1	3	4	5	6	2	1791.00	464.00	286.00	282.00	324.00	248.00
6	2	6	3	4	5	1	3898.00	1086.00	1807.00	794.00	1154.00	336.00
6	3	2	4	5	6	1	1576.00	1599.00	539.00	336.00	335.00	371.00
7	1	3	2	6	4	5	5229.00	7717.00	459.00	1329.00	344.00	583.00
7	1	2	3	4	5	6	3001.00	400.00	464.00	1959.00	305.00	977.00
7	1	3	2	4	5	6	5074.00	674.00	467.00	2281.00	842.00	561.00
7	1	2	3	6	4	5	4842.00	502.00	604.00	3111.00	490.00	261.00
7	5	3	2	1	6	4	3831.00	2319.00	280.00	2874.00	526.00	249.00
7	6	3	2	4	5	1	7399.00	1022.00	362.00	563.00	347.00	243.00
7	1	2	6	4	5	3	3046.00	524.00	1303.00	1297.00	369.00	253.00
7	1	2	3	4	5	6	2360.00	2129.00	2315.00	1417.00	241.00	330.00
7	5	2	3	1	4	6	2006.00	3265.00	617.00	2955.00	375.00	291.00
7	1	2	3	4	5	6	2558.00	6847.00	243.00	1711.00	536.00	451.00
7	1	6	4	5	2	3	4096.00	466.00	1088.00	489.00	220.00	314.00
7	3	2	1	5	4	6	6946.00	713.00	368.00	2116.00	358.00	367.00
7	1	2	3	4	5	6	4052.00	574.00	1145.00	1868.00	549.00	747.00
7	1	4	5	3	2	6	6722.00	550.00	663.00	1764.00	455.00	691.00
7	1	6	4	3	5	2	7017.00	392.00	345.00	2351.00	653.00	1144.00
7	1	3	2	4	5	6	2720.00	2847.00	462.00	1076.00	186.00	266.00
7	5	-1	-1	4	1	6	3777.00	0.00	0.00	4196.00	483.00	403.00
7	1	2	3	4	5	6	3988.00	1242.00	2935.00	504.00	1094.00	391.00
7	1	3	2	5	4	6	8005.00	2226.00	440.00	2121.00	610.00	229.00
7	4	1	3	6	2	5	5647.00	680.00	184.00	1479.00	364.00	272.00
7	1	2	6	4	5	3	3545.00	368.00	7268.00	521.00	298.00	320.00
7	1	2	-1	5	-1	6	1709.00	1102.00	0.00	2134.00	0.00	352.00
7	1	2	3	4	6	5	4137.00	1243.00	3649.00	1500.00	1443.00	224.00
7	2	1	3	5	6	4	7393.00	672.00	312.00	6225.00	338.00	226.00
7	1	3	2	4	6	5	3918.00	4694.00	190.00	4872.00	833.00	280.00
7	2	1	3	4	5	6	12680.00	231.00	329.00	1429.00	311.00	264.00
7	4	2	3	5	1	6	8264.00	1650.00	288.00	308.00	1187.00	182.00
7	1	2	3	4	6	5	3880.00	472.00	5176.00	2454.00	2545.00	391.00
7	1	2	4	5	6	3	6457.00	457.00	639.00	2047.00	906.00	222.00
7	1	3	2	4	5	6	5668.00	538.00	395.00	765.00	327.00	395.00
7	1	6	3	4	2	5	7906.00	6941.00	643.00	1203.00	449.00	324.00
7	1	2	5	4	3	6	8186.00	756.00	2139.00	552.00	2960.00	319.00
7	4	2	3	1	5	6	5986.00	1215.00	639.00	455.00	3626.00	265.00
7	3	1	2	5	4	6	4260.00	440.00	384.00	407.00	738.00	751.00
7	1	2	3	4	5	6	3080.00	2975.00	720.00	2063.00	365.00	945.00
7	1	2	3	6	4	5	3111.00	1594.00	1764.00	1343.00	354.00	557.00
7	1	2	3	6	5	4	6235.00	567.00	738.00	231.00	400.00	377.00
7	4	2	3	5	1	6	6946.00	745.00	694.00	1816.00	318.00	527.00
7	5	-1	-1	3	4	6	5153.00	0.00	0.00	706.00	1975.00	532.00
7	1	2	3	6	4	5	846.00	3536.00	1207.00	935.00	552.00	377.00
7	1	2	3	4	5	6	4345.00	741.00	522.00	1482.00	303.00	421.00
7	4	5	3	1	2	6	5283.00	1189.00	1304.00	306.00	857.00	554.00
7	1	3	5	4	6	2	3813.00	2784.00	770.00	436.00	749.00	642.00
7	4	5	3	2	1	6	2938.00	643.00	755.00	3514.00	692.00	503.00
7	6	5	4	2	3	1	6109.00	450.00	253.00	1257.00	441.00	266.00
7	2	4	3	1	5	6	3899.00	368.00	396.00	2021.00	594.00	266.00
7	1	4	3	5	2	6	2418.00	1438.00	292.00	1320.00	474.00	255.00
7	1	4	2	3	5	6	1383.00	2257.00	485.00	312.00	330.00	165.00
7	1	2	3	4	6	5	2210.00	326.00	1090.00	355.00	1148.00	320.00
7	1	2	3	4	5	6	3121.00	4119.00	1086.00	1471.00	393.00	226.00
7	1	5	3	2	4	6	4470.00	202.00	219.00	1218.00	195.00	189.00
7	1	2	3	4	5	6	4028.00	1112.00	615.00	1545.00	307.00	290.00
7	1	2	3	4	5	6	15208.00	4010.00	308.00	611.00	302.00	205.00
7	1	3	5	2	4	6	2514.00	200.00	321.00	2355.00	177.00	240.00
7	1	2	3	4	5	6	2074.00	2177.00	606.00	3033.00	180.00	235.00
7	1	5	2	3	4	6	1818.00	768.00	211.00	1367.00	195.00	222.00
7	1	2	3	4	5	6	7314.00	858.00	2830.00	1018.00	216.00	279.00
7	5	1	2	6	4	3	5449.00	507.00	593.00	1457.00	352.00	329.00
7	1	2	3	4	5	6	3258.00	650.00	629.00	2066.00	338.00	312.00
7	5	2	6	1	4	3	4064.00	893.00	1087.00	1863.00	1080.00	558.00
7	1	2	5	4	3	6	2540.00	511.00	423.00	1742.00	1366.00	155.00
7	1	2	4	3	5	6	3983.00	956.00	403.00	352.00	449.00	428.00
7	1	4	6	3	2	5	3987.00	1448.00	359.00	896.00	306.00	441.00
7	1	2	3	4	5	6	4318.00	1444.00	889.00	1522.00	951.00	323.00
7	1	2	3	4	5	6	3649.00	709.00	3642.00	2203.00	461.00	221.00
7	3	4	1	2	6	5	3462.00	406.00	2209.00	1243.00	184.00	176.00
7	2	1	3	4	5	6	7901.00	896.00	450.00	821.00	450.00	333.00
7	1	3	5	4	6	2	4214.00	287.00	1899.00	1721.00	237.00	184.00
7	1	2	3	5	4	6	3730.00	509.00	203.00	1823.00	816.00	570.00
7	1	2	3	4	5	6	4696.00	424.00	366.00	1530.00	233.00	418.00
7	3	5	1	4	2	6	4472.00	379.00	953.00	200.00	713.00	464.00
7	3	2	4	6	1	5	4015.00	546.00	839.00	1006.00	160.00	266.00
7	1	2	3	4	5	6	4632.00	619.00	608.00	1219.00	646.00	449.00
7	6	1	5	2	3	4	1742.00	1015.00	1664.00	1153.00	423.00	357.00
7	1	2	3	4	5	6	6441.00	1119.00	845.00	1887.00	817.00	443.00
7	1	2	3	5	4	6	2667.00	1752.00	2457.00	2268.00	419.00	241.00
7	3	2	1	5	6	4	2503.00	858.00	2479.00	1743.00	720.00	551.00
7	1	2	3	4	5	6	5018.00	840.00	1775.00	1149.00	1617.00	431.00
7	1	2	3	4	5	6	11892.00	633.00	705.00	2902.00	431.00	592.00
7	5	1	2	-1	-1	3	3408.00	517.00	726.00	0.00	0.00	1556.00
8	1	2	3	4	6	5	2494.00	2969.00	472.00	249.00	261.00	308.00
8	1	4	3	2	5	6	2507.00	3592.00	234.00	216.00	199.00	248.00
8	6	2	1	3	4	5	3319.00	305.00	256.00	847.00	241.00	298.00
8	1	2	3	4	6	5	1846.00	649.00	684.00	1310.00	569.00	556.00
8	1	2	3	5	4	6	1170.00	3890.00	1157.00	2651.00	251.00	255.00
8	3	2	6	1	4	5	4581.00	576.00	963.00	330.00	325.00	282.00
8	2	4	5	1	3	6	2709.00	562.00	618.00	792.00	271.00	344.00
8	6	3	2	4	1	5	3362.00	255.00	595.00	235.00	1989.00	1013.00
8	2	4	1	3	6	5	2662.00	234.00	316.00	1069.00	921.00	232.00
8	1	5	3	6	2	4	6761.00	603.00	1203.00	1153.00	651.00	726.00
8	3	2	1	4	5	6	6312.00	300.00	426.00	1663.00	601.00	345.00
8	1	2	3	5	4	6	4568.00	600.00	608.00	787.00	663.00	573.00
8	1	2	3	5	4	6	3919.00	671.00	367.00	275.00	981.00	224.00
8	6	1	3	4	2	5	3507.00	330.00	271.00	2183.00	398.00	543.00
8	1	2	6	5	3	4	1233.00	3415.00	387.00	1738.00	992.00	419.00
8	4	2	1	5	6	3	1916.00	2271.00	879.00	894.00	504.00	550.00
8	1	2	3	5	4	6	2045.00	935.00	1145.00	1516.00	689.00	499.00
8	4	6	3	1	5	2	3225.00	1778.00	1360.00	1957.00	367.00	331.00
8	1	3	4	2	5	6	3763.00	2403.00	996.00	411.00	1062.00	378.00
8	3	2	1	4	5	6	6897.00	1408.00	352.00	1001.00	425.00	607.00
8	1	2	4	3	5	6	2254.00	2074.00	377.00	1496.00	271.00	216.00
8	1	2	3	5	4	6	3808.00	1635.00	1023.00	963.00	322.00	499.00
8	1	2	3	4	5	6	4800.00	3348.00	247.00	243.00	207.00	228.00
8	1	3	2	6	5	4	3425.00	736.00	915.00	985.00	373.00	705.00
8	4	5	3	6	2	1	3999.00	911.00	475.00	244.00	408.00	276.00
8	3	2	5	4	1	6	5194.00	378.00	872.00	1927.00	442.00	411.00
8	1	2	3	5	4	6	4323.00	1042.00	1032.00	1062.00	298.00	601.00
8	1	2	3	5	4	6	4777.00	520.00	897.00	986.00	950.00	306.00
8	1	2	5	4	3	6	3062.00	407.00	898.00	254.00	355.00	252.00
8	1	2	3	5	4	6	4568.00	1400.00	597.00	278.00	295.00	399.00
8	1	4	3	2	5	6	4954.00	451.00	446.00	610.00	317.00	318.00
8	6	2	3	1	5	4	6789.00	783.00	164.00	1017.00	266.00	169.00
8	1	5	2	4	3	6	2477.00	635.00	267.00	1489.00	265.00	255.00
8	5	3	1	2	4	6	2592.00	245.00	282.00	771.00	245.00	274.00
8	1	3	2	4	5	6	1346.00	556.00	445.00	1008.00	257.00	328.00
8	1	2	3	6	4	5	4457.00	362.00	1115.00	425.00	647.00	258.00
8	1	2	6	4	3	5	2349.00	1332.00	315.00	285.00	1465.00	642.00
8	5	2	3	4	1	6	3704.00	324.00	488.00	331.00	431.00	264.00
8	2	1	4	3	5	6	3233.00	419.00	263.00	342.00	573.00	272.00
8	2	1	5	4	3	6	2432.00	950.00	314.00	676.00	267.00	474.00
8	1	2	3	4	5	6	2864.00	634.00	722.00	961.00	1504.00	290.00
8	1	3	4	2	6	5	3086.00	484.00	424.00	462.00	284.00	239.00
8	2	4	1	3	5	6	1818.00	368.00	331.00	343.00	286.00	226.00
8	4	3	2	1	6	5	4153.00	248.00	509.00	283.00	263.00	254.00
8	4	2	3	1	5	6	2933.00	791.00	1155.00	905.00	501.00	299.00
8	2	4	3	5	1	6	2568.00	432.00	249.00	485.00	232.00	218.00
8	1	3	4	5	2	6	4522.00	287.00	491.00	383.00	261.00	292.00
8	2	1	5	4	3	6	4130.00	235.00	293.00	745.00	206.00	258.00
8	1	2	3	4	5	6	3195.00	2086.00	384.00	782.00	267.00	314.00
8	5	2	3	1	4	6	4134.00	304.00	351.00	1872.00	376.00	311.00
8	1	3	2	5	4	6	2757.00	2106.00	330.00	1070.00	234.00	252.00
8	1	2	3	4	6	5	4310.00	562.00	338.00	744.00	429.00	644.00
8	4	5	1	2	3	6	3266.00	378.00	336.00	863.00	299.00	314.00
8	1	2	3	5	4	6	2549.00	802.00	602.00	490.00	421.00	475.00
8	5	2	3	1	4	6	4066.00	663.00	820.00	3937.00	483.00	239.00
8	1	5	3	4	2	6	4355.00	833.00	560.00	521.00	249.00	265.00
8	1	3	2	5	4	6	7145.00	215.00	467.00	1138.00	250.00	318.00
8	2	1	3	5	4	6	5695.00	458.00	1448.00	2055.00	268.00	291.00
8	1	2	3	5	4	6	8674.00	649.00	268.00	547.00	321.00	234.00
8	3	2	1	4	5	6	4906.00	763.00	747.00	712.00	583.00	501.00
8	1	2	3	4	5	6	5689.00	338.00	432.00	265.00	256.00	231.00
8	1	2	3	5	4	6	5130.00	560.00	640.00	456.00	302.00	373.00
8	1	2	3	5	4	6	8485.00	264.00	231.00	313.00	226.00	201.00
8	1	2	3	5	4	6	3255.00	495.00	579.00	2352.00	375.00	322.00
8	1	2	3	4	5	6	5445.00	319.00	448.00	411.00	703.00	292.00
8	1	3	2	4	5	6	6353.00	325.00	225.00	240.00	321.00	267.00
8	1	2	3	6	4	5	3744.00	342.00	501.00	1883.00	382.00	284.00
8	1	3	2	4	5	6	4653.00	221.00	196.00	318.00	239.00	264.00
8	4	2	3	5	6	1	5309.00	334.00	298.00	265.00	328.00	292.00
8	1	2	4	3	5	6	3602.00	523.00	331.00	536.00	275.00	340.00
8	2	3	4	5	1	6	2514.00	288.00	308.00	435.00	228.00	243.00
8	5	3	1	4	2	6	4427.00	279.00	313.00	1154.00	312.00	257.00
8	5	4	3	6	2	1	3466.00	633.00	337.00	695.00	1090.00	315.00
8	1	3	2	5	4	6	2754.00	751.00	1215.00	1319.00	464.00	518.00
8	1	4	2	3	5	6	2091.00	3223.00	527.00	810.00	284.00	329.00
8	5	4	3	1	2	6	4909.00	550.00	479.00	2551.00	589.00	483.00
8	2	1	3	4	5	6	5907.00	480.00	345.00	3263.00	487.00	394.00
8	5	3	2	4	1	6	3270.00	1033.00	415.00	667.00	1087.00	320.00
8	1	2	4	3	5	6	6037.00	3442.00	822.00	1715.00	359.00	272.00
8	1	3	2	4	6	5	1863.00	1447.00	486.00	354.00	259.00	306.00
9	6	2	3	1	5	4	8385.00	673.00	5009.00	4856.00	599.00	463.00
9	1	5	3	4	2	6	1593.00	7154.00	506.00	744.00	1332.00	525.00
9	1	2	3	5	6	4	8209.00	431.00	3576.00	575.00	634.00	450.00
9	-1	-1	-1	3	5	6	0.00	0.00	0.00	2714.00	2999.00	803.00
9	1	4	5	3	2	6	1149.00	1425.00	4995.00	1950.00	1622.00	368.00
9	1	2	3	4	6	5	7569.00	563.00	787.00	1464.00	1370.00	545.00
9	1	2	3	4	6	5	6611.00	10952.00	1062.00	1961.00	852.00	606.00
9	1	2	3	6	4	5	3583.00	1838.00	1057.00	786.00	951.00	787.00
9	4	2	1	-1	5	6	6979.00	521.00	2738.00	0.00	4058.00	756.00
9	6	2	1	4	5	3	7374.00	2136.00	701.00	1538.00	545.00	703.00
9	2	1	3	4	5	6	11214.00	518.00	678.00	894.00	544.00	446.00
9	1	2	3	4	5	6	4882.00	2837.00	497.00	2215.00	2364.00	1157.00
9	6	3	2	5	4	1	6404.00	1218.00	811.00	2309.00	475.00	484.00
9	1	2	3	4	5	6	4622.00	696.00	667.00	1744.00	1025.00	381.00
9	1	3	2	5	4	6	4504.00	435.00	587.00	2553.00	494.00	474.00
9	1	2	3	4	5	6	3759.00	520.00	768.00	762.00	402.00	483.00
9	3	5	2	4	1	6	3384.00	4095.00	602.00	602.00	938.00	763.00
9	1	5	3	2	6	4	2842.00	4688.00	1280.00	1973.00	602.00	602.00
9	1	3	2	4	5	6	14191.00	642.00	594.00	1291.00	443.00	427.00
9	1	3	5	4	2	6	3127.00	2005.00	1040.00	3078.00	858.00	1132.00
9	1	5	4	2	3	6	9733.00	1827.00	1235.00	961.00	631.00	399.00
9	4	6	3	2	5	1	5456.00	1253.00	1605.00	3001.00	959.00	614.00
9	1	2	3	4	5	6	7949.00	2288.00	3729.00	1163.00	874.00	608.00
9	1	2	3	6	4	5	3148.00	823.00	2548.00	9002.00	626.00	520.00
9	1	6	5	4	2	3	10718.00	1325.00	3050.00	3249.00	814.00	696.00
9	1	2	3	5	4	6	3222.00	894.00	1472.00	4802.00	518.00	918.00
9	1	2	3	6	5	4	5374.00	938.00	1468.00	1374.00	654.00	752.00
9	1	5	3	2	4	6	6386.00	5595.00	2368.00	2025.00	729.00	659.00
9	1	2	3	5	4	6	5067.00	1916.00	943.00	5659.00	551.00	679.00
9	1	5	3	6	4	2	15078.00	1825.00	658.00	2543.00	1322.00	831.00
9	4	1	5	2	3	6	9842.00	832.00	3615.00	851.00	733.00	695.00
9	1	2	3	4	5	6	5202.00	1205.00	4043.00	850.00	2140.00	755.00
9	1	3	2	4	5	6	3537.00	3735.00	1115.00	657.00	614.00	785.00
9	2	5	3	4	1	6	9590.00	778.00	1119.00	3589.00	990.00	698.00
9	2	5	3	4	1	6	16868.00	858.00	694.00	1497.00	1728.00	715.00
9	1	2	3	4	5	6	5626.00	584.00	750.00	4155.00	562.00	594.00
9	1	6	4	2	3	5	2743.00	2522.00	1346.00	6180.00	1542.00	752.00
9	5	2	1	4	3	6	15377.00	574.00	1233.00	1539.00	747.00	576.00
9	1	6	3	5	4	2	14353.00	6351.00	754.00	2050.00	1516.00	616.00
9	4	1	5	3	2	6	15340.00	968.00	3545.00	1224.00	915.00	666.00
9	3	2	1	4	5	6	6426.00	931.00	2029.00	1316.00	498.00	479.00
9	1	2	3	5	4	6	7024.00	1086.00	1907.00	2235.00	578.00	784.00
9	1	2	3	4	5	6	4808.00	8056.00	1127.00	3599.00	409.00	476.00
9	1	2	3	5	4	6	4617.00	841.00	1072.00	4027.00	465.00	447.00
9	1	2	3	4	5	6	5254.00	883.00	5730.00	1603.00	663.00	700.00
9	1	3	4	2	5	6	10333.00	2104.00	3703.00	1310.00	528.00	531.00
9	6	2	3	4	1	5	13469.00	3294.00	646.00	3873.00	529.00	732.00
9	1	2	3	5	4	6	3229.00	5255.00	693.00	687.00	586.00	1159.00
9	6	2	3	4	5	-1	11649.00	975.00	3759.00	2568.00	648.00	0.00
9	3	1	2	4	6	5	18969.00	1970.00	727.00	3697.00	800.00	695.00
9	1	2	3	4	5	6	5438.00	5136.00	821.00	1466.00	636.00	660.00
9	6	2	3	5	4	1	9282.00	482.00	826.00	4143.00	923.00	730.00
9	5	3	2	6	1	4	15326.00	504.00	1373.00	1797.00	552.00	529.00
9	3	5	1	4	6	2	14993.00	490.00	469.00	5491.00	528.00	459.00
9	1	2	3	4	6	5	11569.00	711.00	647.00	2850.00	1369.00	608.00
9	6	1	3	4	5	2	14282.00	640.00	1024.00	2947.00	663.00	565.00
9	1	3	2	5	4	6	8977.00	893.00	639.00	863.00	723.00	491.00
9	1	2	3	4	5	6	4962.00	6117.00	858.00	1822.00	639.00	559.00
9	1	4	3	6	5	2	4793.00	11075.00	1409.00	1120.00	638.00	494.00
9	1	6	3	5	4	2	7267.00	3063.00	696.00	5354.00	1250.00	682.00
9	1	3	4	6	2	5	4347.00	11375.00	494.00	1010.00	539.00	536.00
9	1	2	3	4	5	6	3310.00	5112.00	577.00	2579.00	575.00	442.00
9	3	1	5	4	6	2	10870.00	922.00	529.00	1428.00	1030.00	586.00
9	1	2	3	6	4	5	8368.00	10355.00	788.00	1569.00	448.00	491.00
9	1	6	3	5	4	2	6454.00	3878.00	918.00	1173.00	445.00	625.00
9	2	1	3	5	6	4	7656.00	769.00	636.00	1580.00	1994.00	834.00
9	1	2	3	5	4	6	4570.00	890.00	1308.00	2646.00	398.00	583.00
9	1	2	3	4	5	6	6879.00	1521.00	925.00	767.00	657.00	675.00
9	1	2	3	4	5	6	2832.00	1004.00	923.00	5065.00	570.00	461.00
9	6	2	3	4	5	1	9241.00	1289.00	5369.00	683.00	851.00	637.00
9	4	2	3	6	1	5	9649.00	2311.00	605.00	4280.00	711.00	387.00
9	3	1	6	-1	-1	-1	9886.00	1588.00	1821.00	0.00	0.00	0.00
9	4	2	3	5	-1	6	6550.00	801.00	888.00	3882.00	0.00	435.00
9	1	6	5	4	3	2	10696.00	4626.00	684.00	767.00	1465.00	539.00
9	1	2	5	4	6	3	5154.00	971.00	5156.00	875.00	1266.00	477.00
9	1	5	3	4	6	2	6763.00	1888.00	1243.00	3360.00	691.00	869.00
9	2	3	1	4	5	6	8230.00	527.00	874.00	1601.00	429.00	499.00
9	1	2	3	4	6	5	2212.00	656.00	690.00	1117.00	1307.00	542.00
9	1	2	3	4	5	6	6498.00	858.00	815.00	2777.00	435.00	611.00
9	1	2	3	4	5	6	8555.00	2467.00	433.00	729.00	1244.00	481.00
10	4	5	3	6	2	1	5848.00	616.00	659.00	784.00	477.00	341.00
10	3	2	1	4	5	6	4638.00	1003.00	506.00	1632.00	481.00	642.00
10	1	4	3	5	2	6	3037.00	681.00	480.00	1585.00	794.00	441.00
10	4	3	2	1	6	5	7149.00	1098.00	395.00	700.00	433.00	474.00
10	5	4	1	6	3	2	4472.00	650.00	453.00	528.00	331.00	359.00
10	6	1	4	5	2	3	2301.00	385.00	839.00	678.00	350.00	495.00
10	1	6	2	3	4	5	5403.00	429.00	403.00	1398.00	259.00	418.00
10	1	5	2	3	4	6	3255.00	288.00	420.00	386.00	376.00	388.00
10	2	5	3	1	4	6	4582.00	369.00	533.00	472.00	385.00	383.00
10	3	5	1	2	6	4	3959.00	383.00	365.00	1313.00	302.00	293.00
10	1	2	3	5	4	6	2545.00	1635.00	1112.00	2027.00	443.00	996.00
10	1	3	4	5	2	6	5080.00	755.00	595.00	403.00	518.00	439.00
10	2	6	5	4	1	3	7057.00	519.00	983.00	332.00	440.00	737.00
10	1	2	6	5	3	4	1816.00	598.00	414.00	562.00	330.00	258.00
10	4	3	1	6	5	2	3581.00	684.00	479.00	1319.00	757.00	708.00
10	1	4	3	2	5	6	3283.00	1560.00	733.00	959.00	318.00	415.00
10	1	2	3	4	6	5	3898.00	2951.00	1379.00	1651.00	618.00	1111.00
10	6	1	2	5	4	3	4032.00	487.00	523.00	907.00	575.00	402.00
10	1	6	3	4	2	5	2863.00	6401.00	655.00	594.00	394.00	427.00
10	6	4	3	2	1	5	2569.00	474.00	362.00	739.00	392.00	681.00
10	1	4	2	3	5	6	4096.00	778.00	631.00	1479.00	499.00	281.00
10	2	3	1	4	5	6	4192.00	479.00	411.00	415.00	690.00	405.00
10	3	4	2	1	5	6	8361.00	981.00	977.00	882.00	833.00	616.00
10	1	4	2	3	5	6	3876.00	676.00	564.00	567.00	650.00	357.00
10	5	4	1	3	2	6	5609.00	554.00	451.00	337.00	488.00	347.00
10	4	1	2	5	6	3	3696.00	1030.00	378.00	584.00	502.00	332.00
10	1	2	4	3	5	6	1788.00	453.00	377.00	448.00	379.00	2890.00
10	1	2	3	4	5	6	2706.00	575.00	714.00	970.00	731.00	717.00
10	4	2	3	1	5	6	3038.00	730.00	564.00	1383.00	777.00	475.00
10	3	2	5	4	1	6	13829.00	491.00	2718.00	1195.00	1569.00	480.00
10	6	5	3	4	1	2	26285.00	442.00	1531.00	834.00	497.00	359.00
10	1	3	4	6	5	2	6125.00	892.00	3646.00	1410.00	761.00	657.00
10	1	2	3	6	5	4	2276.00	1011.00	772.00	670.00	715.00	467.00
10	2	1	3	4	5	6	2709.00	266.00	284.00	584.00	1014.00	335.00
10	1	2	3	5	4	6	3798.00	694.00	1249.00	881.00	336.00	599.00
10	2	5	4	3	1	6	2262.00	378.00	608.00	507.00	393.00	362.00
10	1	2	3	5	4	6	3747.00	3376.00	560.00	3952.00	312.00	633.00
10	1	2	3	5	4	6	2293.00	593.00	905.00	646.00	632.00	344.00
10	4	2	3	5	6	1	5328.00	416.00	463.00	325.00	408.00	843.00
10	4	1	2	5	3	6	2777.00	1539.00	938.00	714.00	410.00	461.00
10	4	6	2	5	3	1	4565.00	459.00	585.00	510.00	367.00	347.00
10	2	3	1	4	5	6	3946.00	351.00	452.00	632.00	408.00	387.00
10	1	4	6	2	3	5	2094.00	1203.00	872.00	551.00	352.00	297.00
10	2	5	3	1	6	4	447.00	418.00	624.00	446.00	713.00	353.00
10	4	2	1	3	5	6	5048.00	446.00	361.00	595.00	1043.00	785.00
10	5	1	2	4	6	3	3522.00	707.00	625.00	1278.00	315.00	317.00
10	3	1	2	4	5	6	6122.00	610.00	404.00	1679.00	539.00	433.00
10	4	3	5	6	1	2	5928.00	1208.00	784.00	1045.00	1131.00	420.00
10	1	2	5	6	3	4	1550.00	976.00	913.00	952.00	303.00	238.00
10	1	6	2	4	5	3	4941.00	2350.00	325.00	633.00	713.00	384.00
10	5	6	3	1	4	2	2437.00	491.00	343.00	614.00	274.00	527.00
10	1	2	3	4	5	6	6802.00	1275.00	697.00	619.00	537.00	507.00
10	2	1	5	4	3	6	3736.00	739.00	520.00	576.00	667.00	425.00
10	1	3	4	6	2	5	2817.00	563.00	363.00	615.00	1965.00	816.00
10	5	1	4	2	3	6	1365.00	1242.00	1047.00	512.00	1593.00	642.00
10	1	2	4	5	3	6	4544.00	1051.00	907.00	1472.00	1554.00	406.00
10	1	3	5	4	2	6	1926.00	1001.00	431.00	552.00	544.00	470.00
10	4	1	5	3	2	6	1972.00	1562.00	678.00	1638.00	474.00	434.00
10	4	3	1	2	5	6	3616.00	1246.00	534.00	553.00	1706.00	475.00
10	2	4	3	5	1	6	6478.00	377.00	423.00	485.00	432.00	425.00
10	1	3	2	4	6	5	2151.00	4255.00	656.00	651.00	1669.00	1566.00
10	1	4	3	2	5	6	5706.00	608.00	1235.00	664.00	502.00	404.00
10	1	2	5	3	4	6	3873.00	3577.00	752.00	936.00	1097.00	473.00
10	1	2	3	4	5	6	3976.00	3946.00	1727.00	1371.00	483.00	371.00
10	2	3	5	1	4	6	2486.00	790.00	539.00	425.00	679.00	1263.00
10	1	2	3	4	5	6	4467.00	2806.00	606.00	2408.00	505.00	679.00
10	3	1	6	2	5	4	2454.00	1290.00	698.00	811.00	398.00	567.00
10	1	5	3	2	4	6	1692.00	554.00	826.00	1223.00	1090.00	1467.00
10	1	2	3	4	5	6	2676.00	2345.00	943.00	1683.00	759.00	1534.00
10	1	2	3	5	4	6	3980.00	5977.00	954.00	1713.00	1154.00	704.00
10	1	2	3	4	6	5	3166.00	860.00	961.00	1079.00	878.00	773.00
10	2	1	6	5	3	4	2832.00	1517.00	1553.00	843.00	730.00	644.00
10	1	2	3	4	5	6	6984.00	1790.00	671.00	3615.00	827.00	871.00
10	6	1	2	3	5	4	3242.00	504.00	814.00	1984.00	607.00	642.00
10	1	2	6	3	5	4	1907.00	1211.00	1651.00	1162.00	1080.00	494.00
10	1	3	2	4	5	6	2774.00	768.00	426.00	769.00	419.00	505.00
10	1	2	3	4	5	6	3018.00	1627.00	788.00	809.00	443.00	327.00
10	4	6	1	3	2	5	3702.00	381.00	307.00	858.00	355.00	941.00
10	1	3	2	4	5	6	1785.00	482.00	675.00	395.00	428.00	658.00
10	1	2	3	6	4	5	1664.00	1305.00	756.00	779.00	608.00	411.00
11	1	2	3	4	6	5	9238.00	1666.00	1092.00	877.00	964.00	490.00
11	1	2	3	4	6	5	1662.00	7464.00	884.00	1338.00	826.00	590.00
11	3	1	2	4	5	6	14314.00	720.00	688.00	1530.00	601.00	665.00
11	1	2	3	5	6	4	15435.00	1322.00	599.00	4734.00	558.00	550.00
11	1	2	3	4	5	6	4344.00	1460.00	995.00	2257.00	502.00	467.00
11	1	2	3	4	5	6	4911.00	1152.00	715.00	1355.00	513.00	529.00
11	1	2	3	5	4	6	3244.00	1346.00	1012.00	1853.00	3129.00	462.00
11	1	2	3	4	5	6	5679.00	592.00	720.00	4496.00	736.00	434.00
11	4	2	3	1	5	6	7786.00	470.00	2492.00	2695.00	481.00	754.00
11	1	2	3	4	5	6	2042.00	756.00	2644.00	1596.00	680.00	464.00
11	1	2	3	4	5	6	10386.00	992.00	3563.00	840.00	391.00	720.00
11	1	2	3	4	5	6	4690.00	2433.00	847.00	2049.00	540.00	681.00
11	1	2	3	4	5	6	7199.00	695.00	698.00	711.00	582.00	484.00
11	1	2	3	4	5	6	1986.00	9322.00	625.00	1167.00	703.00	500.00
11	1	3	2	4	5	6	7234.00	6585.00	1041.00	807.00	489.00	549.00
11	1	2	3	4	5	6	3192.00	1114.00	1929.00	2907.00	1031.00	467.00
11	1	2	3	4	5	6	3312.00	1130.00	2971.00	1713.00	378.00	345.00
11	1	2	3	4	5	6	9476.00	1208.00	6328.00	2079.00	537.00	459.00
11	1	2	3	4	5	6	6977.00	935.00	1065.00	900.00	600.00	417.00
11	1	2	3	4	6	5	2110.00	1117.00	2835.00	10000.00	1874.00	473.00
11	1	2	3	4	5	6	4116.00	811.00	933.00	1759.00	482.00	571.00
11	1	2	3	4	5	6	7128.00	699.00	1584.00	3394.00	588.00	609.00
11	1	2	3	4	5	6	2632.00	3437.00	607.00	2562.00	1330.00	554.00
11	1	2	3	4	5	6	5824.00	515.00	476.00	988.00	1344.00	443.00
11	1	2	3	4	5	6	6638.00	649.00	667.00	832.00	520.00	1032.00
11	4	2	3	1	5	6	8160.00	772.00	1127.00	895.00	529.00	484.00
11	1	2	3	4	5	6	1784.00	720.00	2344.00	894.00	584.00	454.00
11	1	2	3	6	5	4	4685.00	1418.00	746.00	5743.00	410.00	470.00
11	2	1	3	4	5	6	3768.00	3987.00	1200.00	894.00	487.00	539.00
11	1	2	3	4	5	6	8148.00	1118.00	524.00	1031.00	795.00	426.00
11	1	2	3	4	5	6	1697.00	1991.00	4695.00	463.00	525.00	312.00
11	1	2	3	4	5	6	4085.00	607.00	1777.00	1584.00	609.00	564.00
11	1	5	2	4	3	6	12269.00	459.00	513.00	770.00	676.00	612.00
11	1	2	3	4	5	6	9049.00	745.00	550.00	612.00	487.00	458.00
11	2	5	3	4	1	6	8418.00	3280.00	731.00	1061.00	617.00	491.00
11	1	2	3	4	5	6	5211.00	3905.00	382.00	805.00	495.00	482.00
11	1	2	3	4	5	6	3016.00	1577.00	1840.00	2299.00	479.00	392.00
11	1	2	3	4	5	6	7528.00	946.00	966.00	2559.00	479.00	464.00
11	1	2	3	4	5	6	1286.00	2171.00	1391.00	3274.00	532.00	599.00
11	1	2	3	4	5	6	2905.00	2418.00	958.00	1573.00	603.00	500.00
11	1	2	3	4	5	6	2025.00	832.00	3520.00	896.00	778.00	399.00
11	1	2	3	4	5	6	2482.00	546.00	696.00	1594.00	607.00	513.00
11	1	2	3	4	5	6	5203.00	790.00	2667.00	2168.00	498.00	360.00
11	1	2	3	4	5	6	11258.00	809.00	571.00	1086.00	807.00	433.00
11	1	2	3	4	5	6	5844.00	1708.00	3717.00	3054.00	399.00	552.00
11	4	2	3	1	5	6	4167.00	897.00	658.00	7943.00	1346.00	396.00
11	1	2	3	4	5	6	5932.00	798.00	1598.00	1242.00	463.00	453.00
11	1	2	3	4	5	6	3809.00	1276.00	3210.00	5471.00	743.00	443.00
11	1	2	3	4	5	6	5368.00	1106.00	1989.00	1085.00	755.00	619.00
11	1	2	3	4	6	5	3086.00	836.00	1084.00	1298.00	866.00	726.00
11	1	2	3	4	5	6	3888.00	459.00	553.00	4465.00	1388.00	614.00
11	1	2	3	4	5	6	5274.00	418.00	536.00	1115.00	1193.00	495.00
11	1	2	3	4	5	6	2903.00	2097.00	797.00	1237.00	786.00	631.00
11	1	2	3	4	5	6	3293.00	586.00	664.00	1957.00	576.00	731.00
11	1	2	3	4	5	6	9742.00	966.00	640.00	1120.00	3678.00	334.00
11	1	2	3	4	5	6	2258.00	918.00	1293.00	1797.00	504.00	334.00
11	1	2	3	4	5	6	3049.00	895.00	833.00	1296.00	672.00	600.00
11	1	2	3	4	5	6	2354.00	1024.00	780.00	2017.00	662.00	691.00
11	1	2	3	4	5	6	2232.00	1143.00	2146.00	1465.00	627.00	625.00
11	1	2	5	4	6	3	3858.00	3320.00	754.00	2010.00	751.00	547.00
11	4	1	2	5	3	6	7002.00	1371.00	747.00	1960.00	451.00	446.00
11	1	2	3	4	5	6	5978.00	1300.00	807.00	1681.00	605.00	487.00
11	1	2	3	4	5	6	1450.00	1409.00	1433.00	3251.00	600.00	449.00
11	1	2	3	4	5	6	7585.00	901.00	681.00	681.00	729.00	443.00
11	1	4	3	2	5	6	3286.00	4939.00	809.00	627.00	577.00	750.00
11	1	2	3	4	5	6	7392.00	2415.00	2011.00	1992.00	480.00	536.00
11	1	2	6	4	5	3	2126.00	2152.00	2288.00	905.00	645.00	512.00
11	1	2	3	4	5	6	7358.00	478.00	478.00	1039.00	517.00	510.00
11	1	2	3	4	5	6	4883.00	1015.00	817.00	1387.00	549.00	475.00
11	1	2	3	4	5	6	7923.00	1736.00	830.00	1579.00	594.00	378.00
11	1	2	3	4	5	6	3123.00	2080.00	3203.00	1096.00	737.00	502.00
11	1	4	3	5	2	6	2346.00	4681.00	1278.00	1947.00	1291.00	523.00
11	1	2	3	5	4	6	5824.00	1299.00	3051.00	1089.00	466.00	544.00
11	1	2	3	4	5	6	2715.00	5176.00	1030.00	1370.00	369.00	469.00
11	1	2	3	4	5	6	3234.00	549.00	947.00	687.00	554.00	442.00
11	1	2	3	4	5	6	7921.00	4126.00	768.00	1178.00	682.00	545.00
11	1	2	3	4	5	6	10842.00	1440.00	565.00	688.00	691.00	541.00
11	1	2	3	4	5	6	2220.00	3000.00	1727.00	946.00	2366.00	735.00
11	1	4	3	2	6	5	2231.00	2142.00	1083.00	3632.00	409.00	357.00
11	1	5	3	4	2	6	7877.00	4018.00	911.00	923.00	570.00	397.00
12	1	2	3	4	6	5	1895.00	4732.00	340.00	5122.00	3445.00	330.00
12	1	2	3	4	5	6	13191.00	321.00	362.00	1374.00	262.00	293.00
12	1	2	3	4	5	6	9201.00	665.00	279.00	1032.00	310.00	232.00
12	1	2	3	4	5	6	4125.00	1519.00	6923.00	591.00	367.00	315.00
12	2	1	3	6	4	5	6356.00	616.00	1970.00	528.00	291.00	255.00
12	1	2	4	5	3	6	3511.00	6961.00	1266.00	2517.00	363.00	275.00
12	1	2	6	3	4	5	2064.00	1176.00	1216.00	1688.00	308.00	243.00
12	1	2	3	4	6	5	6663.00	2647.00	2271.00	1574.00	1004.00	403.00
12	1	2	4	3	5	6	5755.00	601.00	3242.00	671.00	271.00	312.00
12	1	3	2	4	5	6	9871.00	609.00	564.00	631.00	439.00	480.00
12	1	2	3	5	4	6	3622.00	4813.00	396.00	445.00	464.00	262.00
12	1	2	3	5	4	6	3608.00	1260.00	1303.00	2233.00	448.00	276.00
12	2	1	5	4	3	6	12472.00	317.00	294.00	2363.00	308.00	330.00
12	1	2	3	6	5	4	11483.00	991.00	475.00	3948.00	521.00	330.00
12	1	2	3	4	5	6	3873.00	993.00	2056.00	1357.00	291.00	303.00
12	1	2	4	5	6	3	2378.00	4606.00	3539.00	418.00	240.00	522.00
12	1	4	3	5	2	6	2668.00	6201.00	5288.00	538.00	296.00	263.00
12	4	2	1	3	5	6	14087.00	3056.00	809.00	1291.00	363.00	415.00
12	1	2	3	4	5	6	9467.00	991.00	1195.00	393.00	578.00	383.00
12	4	3	2	1	5	6	4706.00	5332.00	353.00	770.00	348.00	283.00
12	1	2	3	5	4	6	3680.00	2169.00	530.00	2510.00	251.00	312.00
12	2	1	3	5	4	6	13502.00	588.00	450.00	558.00	334.00	370.00
12	1	2	3	4	5	6	3532.00	2640.00	3400.00	1866.00	418.00	273.00
12	1	2	5	4	6	3	6755.00	1469.00	247.00	851.00	877.00	244.00
12	1	2	4	5	3	6	10157.00	662.00	267.00	4954.00	355.00	285.00
12	6	3	2	1	5	4	7944.00	322.00	286.00	3306.00	298.00	305.00
12	1	2	3	5	4	6	10010.00	542.00	564.00	1559.00	379.00	322.00
12	1	2	3	4	5	6	6860.00	355.00	420.00	435.00	2331.00	287.00
12	1	2	3	4	5	6	9577.00	1587.00	668.00	649.00	428.00	362.00
12	1	2	3	4	5	6	14914.00	1195.00	545.00	2038.00	505.00	287.00
12	1	2	3	4	5	6	8591.00	623.00	547.00	3321.00	430.00	319.00
12	1	2	3	5	6	4	11745.00	1177.00	506.00	1816.00	318.00	351.00
12	6	4	2	5	1	3	6408.00	630.00	459.00	1017.00	378.00	337.00
12	3	1	2	4	5	6	6550.00	337.00	391.00	720.00	544.00	350.00
12	1	2	3	4	5	6	4344.00	1452.00	699.00	3849.00	348.00	330.00
12	1	2	3	4	5	6	2648.00	592.00	1680.00	1076.00	1002.00	240.00
12	1	2	3	4	6	5	3064.00	953.00	6055.00	585.00	263.00	294.00
12	4	2	3	5	1	6	4620.00	655.00	498.00	2679.00	359.00	304.00
12	1	2	5	3	4	6	5982.00	888.00	3194.00	693.00	263.00	318.00
12	1	2	3	4	5	6	3145.00	9154.00	1695.00	934.00	391.00	720.00
12	1	3	2	4	5	6	4062.00	1179.00	275.00	397.00	286.00	266.00
12	1	2	5	4	3	6	20604.00	779.00	344.00	319.00	344.00	278.00
12	1	2	3	5	4	6	2492.00	3343.00	983.00	3419.00	282.00	371.00
12	4	3	2	1	5	6	6791.00	425.00	495.00	426.00	352.00	313.00
12	1	3	2	5	4	6	3031.00	6059.00	1821.00	1274.00	367.00	251.00
12	3	2	6	1	5	4	7058.00	368.00	2052.00	945.00	349.00	291.00
12	1	2	3	4	6	5	4289.00	2146.00	362.00	1563.00	247.00	235.00
12	5	2	3	4	1	6	8208.00	351.00	320.00	953.00	456.00	539.00
12	5	2	3	4	1	6	6887.00	435.00	444.00	1200.00	405.00	353.00
12	2	3	5	1	4	6	11897.00	454.00	345.00	1040.00	254.00	298.00
12	1	4	2	5	3	6	7036.00	3285.00	370.00	806.00	328.00	356.00
12	1	2	4	3	5	6	1682.00	1014.00	4775.00	2814.00	320.00	489.00
12	2	4	3	1	5	6	8968.00	713.00	633.00	2913.00	285.00	257.00
12	4	2	1	5	6	3	3986.00	455.00	1330.00	634.00	1514.00	191.00
12	1	2	3	6	4	5	14030.00	339.00	385.00	2176.00	340.00	299.00
12	5	3	4	1	2	6	6211.00	969.00	683.00	1066.00	318.00	263.00
12	1	2	3	4	5	6	7144.00	725.00	368.00	315.00	1221.00	304.00
12	1	4	3	2	5	6	6081.00	7993.00	675.00	1675.00	303.00	373.00
12	5	3	1	2	4	6	5437.00	311.00	1176.00	600.00	313.00	274.00
12	1	2	4	3	5	6	1386.00	1316.00	2481.00	986.00	1054.00	279.00
12	1	2	3	4	5	6	9721.00	983.00	675.00	891.00	293.00	289.00
12	1	2	3	4	5	6	14923.00	358.00	1383.00	697.00	303.00	429.00
12	1	2	3	4	5	6	15471.00	606.00	480.00	801.00	720.00	432.00
12	1	2	3	4	5	6	12498.00	644.00	447.00	874.00	353.00	402.00
12	1	2	3	5	4	6	3879.00	5135.00	557.00	3461.00	444.00	648.00
12	4	3	1	2	6	5	5345.00	1769.00	319.00	2472.00	526.00	289.00
12	1	2	5	4	3	6	4741.00	4103.00	564.00	2031.00	279.00	304.00
12	1	2	3	4	5	6	5263.00	423.00	8613.00	450.00	302.00	404.00
12	1	2	3	5	4	6	3697.00	512.00	368.00	2644.00	411.00	279.00
12	1	2	3	4	5	6	6014.00	432.00	449.00	900.00	656.00	403.00
12	1	4	3	6	2	5	7873.00	1203.00	1497.00	1064.00	708.00	377.00
12	1	3	6	2	4	5	6286.00	1499.00	1898.00	784.00	1061.00	352.00
12	1	3	2	4	5	6	5527.00	5112.00	521.00	897.00	371.00	751.00
12	1	4	3	2	5	6	12319.00	360.00	377.00	1887.00	322.00	548.00
12	4	3	6	1	5	2	5914.00	1063.00	355.00	3036.00	288.00	316.00
12	3	1	2	4	5	6	13234.00	460.00	362.00	699.00	353.00	378.00
12	1	2	5	4	3	6	13170.00	1343.00	1857.00	655.00	418.00	392.00
12	1	2	3	4	5	6	7352.00	1728.00	483.00	1662.00	392.00	473.00
12	2	1	4	5	3	6	5497.00	590.00	1403.00	1976.00	413.00	361.00
12	1	2	3	4	5	6	6973.00	489.00	452.00	1855.00	469.00	387.00
13	1	3	2	5	4	6	2391.00	1789.00	790.00	4805.00	1122.00	408.00
13	1	2	4	3	5	6	3954.00	666.00	767.00	801.00	3697.00	1191.00
13	1	6	3	2	5	4	1393.00	2206.00	736.00	898.00	2919.00	1051.00
13	1	2	3	4	5	6	4296.00	1193.00	3935.00	826.00	998.00	301.00
13	1	2	3	4	5	6	2178.00	767.00	1793.00	2121.00	539.00	873.00
13	2	3	5	4	1	6	5042.00	2629.00	1851.00	3552.00	722.00	730.00
13	1	3	2	4	6	5	2281.00	1146.00	1053.00	1934.00	1172.00	548.00
13	1	2	6	5	-1	4	2531.00	939.00	2615.00	3410.00	0.00	1584.00
13	1	2	5	6	4	3	5665.00	1607.00	1094.00	823.00	1164.00	258.00
13	3	1	6	2	4	5	3202.00	1727.00	2915.00	863.00	1179.00	716.00
13	2	1	4	5	6	3	3544.00	775.00	4553.00	2007.00	2393.00	1295.00
13	2	4	3	1	6	5	3256.00	1672.00	1145.00	2852.00	1275.00	393.00
13	1	5	2	3	4	6	2703.00	1673.00	419.00	1497.00	3416.00	1302.00
13	3	6	2	4	5	1	1926.00	1345.00	2355.00	2273.00	1472.00	1026.00
13	1	3	4	5	2	6	8425.00	4058.00	972.00	965.00	1919.00	378.00
13	1	5	3	2	4	6	2207.00	8009.00	1353.00	1483.00	560.00	662.00
13	1	2	3	4	5	6	3958.00	6118.00	866.00	911.00	643.00	819.00
13	1	2	4	3	5	6	1517.00	1377.00	3681.00	1970.00	1263.00	690.00
13	3	2	1	4	5	6	2644.00	860.00	1200.00	2022.00	627.00	433.00
13	5	3	2	1	4	6	3063.00	3783.00	693.00	2592.00	749.00	394.00
13	1	2	3	5	4	6	3126.00	740.00	2217.00	1253.00	501.00	347.00
13	3	1	5	2	4	6	2183.00	2499.00	1358.00	1139.00	447.00	602.00
13	2	6	1	4	3	5	9311.00	3492.00	993.00	1343.00	1954.00	578.00
13	5	2	3	4	6	1	5939.00	804.00	1758.00	1090.00	491.00	318.00
13	2	-1	4	5	1	6	6741.00	0.00	5892.00	2604.00	1996.00	764.00
13	1	2	3	5	6	4	7430.00	2483.00	1387.00	2374.00	389.00	347.00
13	1	5	2	3	6	4	2207.00	2817.00	971.00	1404.00	322.00	475.00
13	1	2	3	5	6	4	3430.00	432.00	2281.00	1354.00	695.00	378.00
13	1	5	6	3	4	2	4844.00	5153.00	2689.00	2560.00	1064.00	1108.00
13	5	1	2	3	4	6	5313.00	1177.00	1121.00	1751.00	464.00	294.00
13	1	2	3	4	5	6	4163.00	1594.00	339.00	826.00	187.00	554.00
13	3	2	1	5	6	4	3505.00	632.00	504.00	4598.00	2130.00	414.00
13	4	2	3	1	6	5	5598.00	1031.00	539.00	1481.00	417.00	439.00
13	4	3	1	2	5	6	4929.00	1079.00	2806.00	718.00	286.00	442.00
13	1	2	3	5	4	6	3647.00	1458.00	305.00	1119.00	277.00	213.00
13	1	2	3	4	5	6	5315.00	611.00	3926.00	528.00	780.00	640.00
13	1	2	3	5	6	4	4249.00	586.00	440.00	409.00	3604.00	342.00
13	1	3	2	4	6	5	3583.00	1916.00	375.00	422.00	1044.00	426.00
13	1	2	3	4	5	6	3912.00	1153.00	1294.00	830.00	499.00	473.00
13	1	2	3	5	4	6	4578.00	498.00	2744.00	682.00	1450.00	649.00
13	3	1	4	5	2	6	3808.00	931.00	509.00	1211.00	307.00	330.00
13	3	4	5	2	1	6	4252.00	2654.00	1472.00	698.00	711.00	319.00
13	1	2	5	3	6	4	1397.00	786.00	3103.00	1743.00	1552.00	1074.00
13	2	1	3	6	5	4	3200.00	3571.00	375.00	2330.00	1211.00	435.00
13	6	2	3	4	5	1	2887.00	878.00	813.00	1023.00	451.00	286.00
13	1	6	2	5	4	3	4716.00	5593.00	792.00	2207.00	1089.00	466.00
13	1	6	3	4	5	2	1174.00	1927.00	1633.00	682.00	3306.00	258.00
13	1	4	3	2	5	6	3042.00	1632.00	754.00	2225.00	344.00	342.00
13	3	4	1	5	2	6	2461.00	1225.00	780.00	1192.00	598.00	582.00
13	6	2	3	1	5	4	7198.00	1493.00	1612.00	2667.00	1784.00	833.00
13	1	2	3	5	6	4	4250.00	1243.00	913.00	1639.00	867.00	632.00
13	1	2	3	4	5	6	3394.00	1637.00	624.00	678.00	990.00	362.00
13	1	4	3	5	2	6	2811.00	1146.00	1525.00	801.00	529.00	428.00
13	3	2	4	5	6	1	4381.00	2569.00	1217.00	1753.00	426.00	384.00
13	1	4	3	2	5	-1	1139.00	5118.00	674.00	491.00	446.00	0.00
13	1	2	5	4	3	6	3577.00	840.00	823.00	5483.00	1925.00	464.00
13	1	2	3	5	4	6	3013.00	2051.00	712.00	1936.00	262.00	445.00
13	4	6	3	2	5	1	3782.00	2180.00	1592.00	681.00	537.00	439.00
13	6	1	2	3	5	4	3802.00	914.00	3521.00	1675.00	1823.00	615.00
13	1	2	3	5	4	6	2491.00	838.00	1446.00	2386.00	921.00	544.00
13	2	1	6	4	5	3	7222.00	450.00	678.00	424.00	382.00	358.00
13	1	3	5	4	2	6	3546.00	2553.00	510.00	1327.00	311.00	241.00
13	-1	-1	3	2	4	6	0.00	0.00	337.00	3581.00	452.00	871.00
13	3	1	2	4	5	6	3736.00	830.00	634.00	1139.00	574.00	633.00
13	1	4	3	2	6	5	4911.00	1912.00	1360.00	733.00	319.00	872.00
13	4	1	3	5	6	2	3657.00	927.00	1049.00	962.00	536.00	555.00
13	1	2	3	5	6	4	6328.00	4287.00	576.00	1563.00	807.00	577.00
13	1	3	6	2	5	4	2431.00	2669.00	323.00	2359.00	536.00	331.00
13	2	1	4	5	3	6	3070.00	969.00	1475.00	703.00	364.00	492.00
13	1	3	2	4	5	6	2240.00	1369.00	1385.00	459.00	1025.00	349.00
13	6	3	1	4	5	2	2585.00	1342.00	792.00	728.00	1058.00	603.00
13	2	-1	1	3	5	-1	4200.00	0.00	1039.00	1445.00	2217.00	0.00
13	3	6	4	1	5	2	3997.00	1037.00	795.00	1746.00	419.00	393.00
13	6	4	3	5	2	1	3106.00	1499.00	610.00	901.00	233.00	255.00
13	2	1	3	4	5	6	3346.00	1233.00	1814.00	1492.00	395.00	388.00
13	1	2	6	5	4	3	7126.00	426.00	504.00	1806.00	313.00	799.00
13	2	4	1	3	5	6	4108.00	6136.00	802.00	584.00	454.00	305.00
13	4	2	3	5	1	6	4245.00	1886.00	497.00	543.00	405.00	248.00
13	3	6	1	4	5	2	2121.00	1595.00	639.00	1647.00	595.00	754.00
13	6	1	4	3	5	2	4268.00	2256.00	2372.00	1127.00	784.00	581.00
14	5	4	1	2	3	6	7265.00	2246.00	736.00	682.00	714.00	353.00
14	3	1	2	4	6	5	6664.00	583.00	749.00	754.00	673.00	705.00
14	1	2	3	4	6	5	2243.00	7507.00	1335.00	2223.00	614.00	425.00
14	1	5	3	6	2	4	4529.00	3545.00	672.00	800.00	367.00	1083.00
14	3	2	6	4	5	1	6925.00	489.00	796.00	419.00	1186.00	541.00
14	3	1	5	4	6	2	5622.00	3058.00	571.00	950.00	1074.00	360.00
14	3	2	6	4	1	5	5534.00	603.00	547.00	928.00	586.00	687.00
14	2	6	4	3	1	5	5967.00	1142.00	746.00	943.00	411.00	446.00
14	1	2	3	4	5	6	8080.00	892.00	374.00	538.00	632.00	344.00
14	3	2	1	5	4	6	6816.00	839.00	1934.00	1107.00	2743.00	617.00
14	6	3	1	4	5	2	7064.00	582.00	348.00	498.00	1016.00	449.00
14	5	4	2	3	1	6	5694.00	457.00	567.00	1282.00	656.00	474.00
14	5	1	3	4	2	6	4644.00	537.00	1238.00	612.00	935.00	368.00
14	3	2	4	1	5	6	7486.00	807.00	2161.00	1427.00	445.00	425.00
14	3	2	6	4	5	1	6611.00	600.00	464.00	838.00	621.00	491.00
14	1	4	5	3	2	6	5279.00	473.00	410.00	366.00	457.00	359.00
14	1	4	3	2	6	5	2417.00	3524.00	1625.00	778.00	447.00	866.00
14	2	3	1	4	5	6	7271.00	302.00	589.00	643.00	427.00	561.00
14	1	6	4	5	3	2	4121.00	2240.00	937.00	1107.00	558.00	591.00
14	2	5	1	4	3	6	5384.00	511.00	344.00	494.00	745.00	422.00
14	1	2	3	6	5	4	5984.00	699.00	1488.00	663.00	468.00	426.00
14	6	2	1	3	5	4	6825.00	744.00	693.00	1383.00	882.00	481.00
14	1	2	3	4	5	6	8163.00	783.00	988.00	560.00	536.00	355.00
14	1	2	6	4	3	5	4383.00	3643.00	1215.00	1375.00	487.00	554.00
14	2	1	3	4	5	6	4569.00	473.00	305.00	384.00	366.00	370.00
14	2	3	1	6	5	4	3866.00	1591.00	481.00	297.00	408.00	316.00
14	1	3	2	4	5	6	4561.00	295.00	419.00	665.00	478.00	343.00
14	1	3	2	4	5	6	3756.00	381.00	523.00	1139.00	575.00	290.00
14	2	1	3	5	6	4	8903.00	867.00	703.00	1052.00	1541.00	511.00
14	1	2	3	4	6	5	5648.00	673.00	505.00	431.00	479.00	648.00
14	1	2	4	3	5	6	7517.00	364.00	1088.00	3849.00	1380.00	467.00
14	5	3	4	6	1	2	4355.00	3033.00	508.00	786.00	359.00	616.00
14	2	3	6	5	1	4	11281.00	542.00	460.00	378.00	360.00	345.00
14	3	4	2	1	6	5	5545.00	296.00	391.00	368.00	292.00	352.00
14	4	5	2	3	6	1	821.00	2066.00	505.00	743.00	644.00	571.00
14	2	3	1	4	5	6	4629.00	576.00	467.00	545.00	415.00	546.00
14	1	2	3	4	5	6	7018.00	817.00	779.00	503.00	485.00	449.00
14	1	2	3	5	6	4	5993.00	574.00	385.00	401.00	402.00	419.00
14	6	2	3	5	1	4	3172.00	2954.00	806.00	1560.00	428.00	314.00
14	2	4	6	5	1	3	3511.00	816.00	482.00	1043.00	290.00	334.00
14	1	2	6	4	3	5	5650.00	883.00	482.00	362.00	492.00	335.00
14	1	2	6	3	5	4	6903.00	909.00	1346.00	1131.00	436.00	396.00
14	5	2	6	4	1	3	4952.00	313.00	386.00	521.00	329.00	333.00
14	5	1	3	4	2	6	6063.00	857.00	595.00	867.00	551.00	464.00
14	2	6	3	4	5	1	9584.00	353.00	387.00	729.00	298.00	290.00
14	3	1	2	4	5	6	3906.00	415.00	371.00	495.00	490.00	381.00
14	2	1	6	3	5	4	7739.00	3183.00	575.00	1682.00	646.00	680.00
14	4	1	3	2	5	6	3047.00	1853.00	755.00	2074.00	1114.00	632.00
14	2	3	1	4	6	5	5526.00	367.00	467.00	465.00	1247.00	632.00
14	1	2	3	6	4	5	4936.00	599.00	391.00	1128.00	640.00	464.00
14	1	3	6	2	4	5	4021.00	586.00	568.00	811.00	621.00	562.00
14	5	3	4	2	1	6	1531.00	1474.00	559.00	439.00	536.00	387.00
14	3	2	5	6	4	1	5486.00	2503.00	898.00	3855.00	306.00	352.00
14	5	1	3	4	6	2	6826.00	409.00	1284.00	866.00	558.00	406.00
14	2	1	3	4	6	5	5921.00	545.00	814.00	592.00	593.00	513.00
14	1	2	3	5	4	6	9313.00	878.00	1861.00	1650.00	457.00	527.00
14	6	1	2	5	3	4	3683.00	431.00	447.00	299.00	306.00	352.00
14	4	1	6	3	2	5	4979.00	1553.00	3539.00	650.00	604.00	399.00
14	2	1	3	4	6	5	4841.00	278.00	1423.00	1921.00	404.00	544.00
14	6	2	3	4	5	1	3808.00	1019.00	807.00	609.00	388.00	370.00
14	6	1	3	4	2	5	8931.00	990.00	698.00	519.00	472.00	745.00
14	5	2	3	1	4	6	2327.00	576.00	2275.00	1289.00	793.00	433.00
14	5	4	1	6	3	2	3920.00	536.00	659.00	385.00	623.00	349.00
14	6	2	5	1	3	4	4488.00	969.00	778.00	559.00	439.00	344.00
14	3	2	1	5	4	6	4160.00	519.00	383.00	374.00	354.00	395.00
14	1	2	3	6	5	4	2086.00	2448.00	784.00	517.00	478.00	318.00
14	1	2	3	4	5	6	8334.00	628.00	2681.00	2049.00	539.00	473.00
14	4	2	5	3	1	6	2887.00	670.00	755.00	507.00	353.00	370.00
14	1	4	3	6	2	5	5111.00	728.00	770.00	460.00	618.00	360.00
14	3	1	2	4	5	6	4343.00	506.00	488.00	979.00	343.00	446.00
14	6	1	2	4	5	3	4625.00	803.00	451.00	526.00	409.00	381.00
14	5	4	6	3	1	2	1790.00	1055.00	416.00	1115.00	386.00	488.00
14	1	5	3	4	2	6	4961.00	357.00	366.00	314.00	515.00	867.00
14	4	2	3	1	5	6	3189.00	512.00	672.00	624.00	446.00	489.00
14	2	6	1	4	5	3	3616.00	399.00	1184.00	739.00	560.00	392.00
14	6	3	1	2	5	4	4682.00	1191.00	610.00	901.00	601.00	409.00
14	1	3	2	4	6	5	3563.00	486.00	553.00	418.00	425.00	399.00
14	2	6	3	5	4	1	4019.00	432.00	384.00	527.00	282.00	331.00
14	5	2	4	3	1	6	5702.00	810.00	2732.00	571.00	558.00	503.00
14	2	1	3	5	4	6	7862.00	1305.00	931.00	453.00	408.00	443.00
15	1	2	3	4	6	5	1604.00	1584.00	1233.00	3799.00	368.00	395.00
15	1	6	3	2	4	5	4512.00	1390.00	536.00	4594.00	327.00	331.00
15	1	5	2	4	3	6	2486.00	7599.00	413.00	777.00	403.00	319.00
15	1	4	3	6	5	2	5854.00	2409.00	425.00	2896.00	337.00	400.00
15	2	6	5	4	3	1	8533.00	330.00	526.00	673.00	257.00	328.00
15	1	2	3	4	6	5	3592.00	498.00	6528.00	2085.00	399.00	288.00
15	1	2	4	3	5	6	10002.00	3407.00	556.00	868.00	680.00	296.00
15	1	3	2	6	4	5	8680.00	4242.00	497.00	2847.00	374.00	425.00
15	1	2	5	4	3	6	4701.00	823.00	979.00	1215.00	408.00	291.00
15	1	3	4	6	5	2	3015.00	3128.00	4510.00	473.00	289.00	293.00
15	4	3	1	6	2	5	3178.00	410.00	502.00	2052.00	329.00	333.00
15	1	5	6	2	3	4	3672.00	4401.00	4207.00	5040.00	372.00	248.00
15	2	1	3	4	5	6	2267.00	1706.00	459.00	1649.00	287.00	411.00
15	1	3	6	2	5	4	1744.00	4209.00	2794.00	543.00	261.00	220.00
15	4	3	1	5	2	6	4143.00	459.00	305.00	432.00	329.00	237.00
15	1	4	2	3	5	6	6986.00	1720.00	4940.00	962.00	336.00	415.00
15	1	2	3	6	4	5	2088.00	3698.00	520.00	1305.00	348.00	226.00
15	1	3	2	5	4	6	13084.00	650.00	1628.00	1150.00	217.00	344.00
15	1	2	4	5	3	6	5671.00	566.00	840.00	656.00	242.00	279.00
15	5	6	1	3	4	2	7696.00	1952.00	896.00	826.00	255.00	331.00
15	1	2	3	4	5	6	2753.00	558.00	3006.00	588.00	602.00	322.00
15	1	3	2	4	5	6	3385.00	4617.00	393.00	2242.00	299.00	250.00
15	1	5	2	3	4	6	5884.00	2708.00	353.00	1770.00	256.00	335.00
15	1	2	3	4	5	6	2954.00	8798.00	7383.00	348.00	338.00	369.00
15	1	2	3	4	6	5	4167.00	2185.00	1472.00	1042.00	264.00	231.00
15	6	4	1	2	3	5	12280.00	489.00	428.00	1010.00	419.00	234.00
15	1	2	5	4	3	6	4558.00	2003.00	3245.00	1738.00	2592.00	526.00
15	4	1	3	2	5	6	9409.00	1656.00	3262.00	2422.00	626.00	447.00
15	1	2	3	4	5	6	6241.00	648.00	2123.00	1933.00	410.00	246.00
15	1	5	3	2	4	6	8012.00	1123.00	481.00	1642.00	446.00	713.00
15	3	6	1	2	5	4	3778.00	1608.00	1039.00	621.00	235.00	276.00
15	4	1	6	2	3	5	7632.00	1539.00	835.00	1898.00	496.00	219.00
15	1	2	3	4	5	6	5049.00	1071.00	1811.00	8120.00	1405.00	474.00
15	1	2	5	3	4	6	4181.00	2946.00	507.00	1657.00	367.00	435.00
15	1	3	2	6	4	5	2457.00	860.00	449.00	2043.00	358.00	239.00
15	1	2	3	5	6	4	9098.00	1717.00	3344.00	456.00	443.00	255.00
15	4	3	2	5	1	6	5545.00	1648.00	827.00	3760.00	465.00	479.00
15	1	2	3	4	5	6	7181.00	1115.00	681.00	2256.00	381.00	299.00
15	1	2	3	4	5	6	4451.00	531.00	478.00	991.00	1587.00	324.00
15	6	2	1	4	5	3	5040.00	2180.00	480.00	1529.00	344.00	327.00
15	2	1	3	6	5	4	7419.00	1144.00	475.00	2108.00	299.00	338.00
15	1	3	2	5	6	4	4326.00	639.00	335.00	1091.00	252.00	216.00
15	4	2	5	3	1	6	3456.00	799.00	423.00	1301.00	400.00	193.00
15	1	2	3	4	5	6	4599.00	5811.00	622.00	1828.00	284.00	304.00
15	4	1	5	3	2	6	4019.00	456.00	331.00	1719.00	219.00	266.00
15	4	1	5	3	2	6	5984.00	3522.00	335.00	6963.00	459.00	522.00
15	1	2	3	4	6	5	4165.00	743.00	556.00	2204.00	566.00	217.00
15	2	1	6	5	4	3	4559.00	820.00	409.00	1276.00	282.00	291.00
15	1	3	6	5	2	4	7865.00	3244.00	1353.00	412.00	343.00	230.00
15	1	2	3	4	5	6	5631.00	2541.00	384.00	1423.00	177.00	408.00
15	1	2	3	6	5	4	3850.00	4149.00	705.00	1742.00	319.00	464.00
15	2	1	4	3	5	6	9749.00	1032.00	1604.00	616.00	354.00	300.00
15	1	2	3	6	5	4	2294.00	2762.00	1145.00	2916.00	456.00	291.00
15	2	5	3	6	4	1	3077.00	361.00	1114.00	568.00	323.00	255.00
15	6	5	1	3	2	4	5134.00	636.00	228.00	1227.00	214.00	266.00
15	4	2	1	6	3	5	5577.00	389.00	1494.00	597.00	201.00	355.00
15	1	4	2	3	5	6	2782.00	2248.00	417.00	1415.00	319.00	264.00
15	6	2	1	4	3	5	6538.00	506.00	5376.00	797.00	284.00	296.00
15	1	2	5	6	3	4	4352.00	782.00	587.00	1760.00	732.00	350.00
15	4	5	1	2	6	3	3131.00	449.00	381.00	2027.00	403.00	214.00
15	6	2	1	3	5	4	3014.00	455.00	402.00	571.00	230.00	216.00
15	1	3	6	5	4	2	3161.00	3076.00	903.00	5067.00	420.00	394.00
15	6	1	5	3	4	2	2801.00	337.00	415.00	251.00	207.00	211.00
15	3	1	4	2	5	6	5310.00	1485.00	882.00	1897.00	535.00	466.00
15	3	2	5	4	1	6	7177.00	611.00	1494.00	677.00	333.00	393.00
15	1	5	3	4	2	6	2406.00	3695.00	739.00	5368.00	562.00	386.00
15	1	2	4	5	3	6	5261.00	402.00	387.00	2210.00	291.00	272.00
15	2	5	4	6	1	3	4219.00	1591.00	1168.00	1273.00	396.00	277.00
15	1	2	3	4	5	6	2870.00	482.00	563.00	2622.00	536.00	246.00
15	3	1	5	2	4	6	11717.00	640.00	488.00	563.00	363.00	351.00
15	1	4	3	2	6	5	7451.00	461.00	539.00	569.00	236.00	197.00
15	2	3	4	1	6	5	18527.00	433.00	426.00	672.00	200.00	330.00
15	2	1	6	4	5	3	7322.00	442.00	475.00	2180.00	1024.00	412.00
15	2	5	4	6	1	3	4099.00	375.00	1858.00	720.00	352.00	473.00
15	2	4	1	3	5	6	7097.00	791.00	4939.00	506.00	616.00	363.00
15	3	1	2	6	5	4	6146.00	443.00	391.00	312.00	290.00	278.00
15	1	3	2	5	6	4	5391.00	829.00	450.00	405.00	265.00	320.00
15	1	2	3	6	5	4	7020.00	1507.00	1068.00	1424.00	466.00	288.00
15	2	3	5	6	4	1	4317.00	684.00	667.00	1121.00	263.00	262.00
15	2	1	5	3	6	4	8920.00	569.00	852.00	1070.00	362.00	347.00
16	1	5	3	4	2	6	3069.00	2832.00	653.00	1879.00	554.00	354.00
16	1	2	3	4	5	6	2201.00	4842.00	1247.00	1287.00	247.00	235.00
16	1	2	3	4	5	6	12338.00	1213.00	909.00	1490.00	265.00	276.00
16	1	2	3	4	5	6	8291.00	650.00	596.00	2957.00	337.00	255.00
16	1	2	3	4	5	6	2731.00	955.00	1801.00	429.00	307.00	338.00
16	1	2	3	4	5	6	5989.00	754.00	1530.00	849.00	443.00	355.00
16	1	2	3	4	5	6	2370.00	3139.00	1652.00	1754.00	427.00	353.00
16	5	2	3	4	1	6	4360.00	2886.00	677.00	3189.00	1040.00	606.00
16	1	2	3	4	5	6	2295.00	2419.00	783.00	964.00	618.00	328.00
16	5	4	2	3	6	1	3092.00	1018.00	1270.00	1049.00	234.00	220.00
16	1	2	3	4	5	6	1951.00	783.00	1252.00	2340.00	648.00	730.00
16	1	2	3	4	5	6	3257.00	921.00	6911.00	488.00	435.00	332.00
16	1	2	3	4	5	6	5926.00	2350.00	1580.00	747.00	408.00	212.00
16	1	2	3	4	5	6	3665.00	759.00	718.00	1062.00	626.00	351.00
16	1	2	3	4	5	6	2250.00	851.00	1821.00	2483.00	580.00	257.00
16	2	3	5	4	1	6	4864.00	1258.00	594.00	362.00	323.00	231.00
16	1	2	3	5	6	4	2282.00	755.00	1355.00	1096.00	353.00	210.00
16	1	2	3	4	5	6	2223.00	2123.00	1349.00	3040.00	371.00	167.00
16	1	2	3	4	5	6	1568.00	559.00	560.00	1520.00	460.00	318.00
16	1	2	3	4	5	6	2535.00	1346.00	813.00	3999.00	302.00	216.00
16	1	2	3	4	5	6	3107.00	2654.00	2512.00	558.00	271.00	280.00
16	1	6	3	4	2	5	4241.00	872.00	503.00	1796.00	232.00	209.00
16	1	2	3	4	5	6	2850.00	801.00	776.00	2754.00	159.00	457.00
16	1	2	3	4	5	6	5949.00	466.00	480.00	2409.00	330.00	317.00
16	5	1	3	4	2	6	5602.00	1004.00	730.00	2036.00	455.00	314.00
16	5	3	2	4	6	1	2754.00	583.00	268.00	243.00	231.00	176.00
16	1	2	3	4	5	6	3070.00	1809.00	975.00	1089.00	269.00	396.00
16	1	2	3	4	5	6	4617.00	696.00	563.00	1643.00	319.00	225.00
16	2	5	4	3	1	6	4078.00	1006.00	303.00	374.00	322.00	227.00
16	1	2	3	4	6	5	1774.00	500.00	738.00	1239.00	748.00	321.00
16	1	2	3	4	6	5	3885.00	1480.00	772.00	686.00	433.00	226.00
16	1	5	3	4	2	6	3516.00	926.00	855.00	1273.00	1475.00	313.00
16	1	2	3	5	4	6	2834.00	1054.00	695.00	1442.00	231.00	209.00
16	1	2	3	4	5	6	4698.00	441.00	794.00	794.00	321.00	274.00
16	1	2	5	4	3	6	2455.00	1987.00	1634.00	470.00	287.00	291.00
16	1	5	3	4	6	2	4758.00	5771.00	515.00	1356.00	705.00	318.00
16	1	2	3	4	5	6	3889.00	1076.00	1355.00	1248.00	320.00	289.00
16	6	3	2	4	1	5	3270.00	264.00	759.00	927.00	544.00	214.00
16	1	2	3	4	5	6	6507.00	1027.00	846.00	609.00	412.00	262.00
16	1	2	3	4	5	6	3185.00	546.00	431.00	536.00	1099.00	271.00
16	4	3	1	6	2	5	3223.00	807.00	1673.00	626.00	255.00	228.00
16	1	2	3	4	5	6	3890.00	1324.00	1386.00	468.00	626.00	295.00
16	1	2	3	4	5	6	2327.00	3728.00	1188.00	3567.00	323.00	247.00
16	1	2	3	5	4	6	2447.00	656.00	2603.00	2603.00	211.00	175.00
16	1	2	3	4	5	6	3713.00	994.00	688.00	739.00	328.00	267.00
16	1	2	3	4	5	6	3450.00	3335.00	710.00	2078.00	554.00	266.00
16	3	2	6	1	5	4	5434.00	1385.00	1507.00	477.00	362.00	227.00
16	1	2	3	5	4	6	2896.00	1817.00	1166.00	3399.00	649.00	299.00
16	2	1	3	5	6	4	3675.00	772.00	630.00	550.00	583.00	324.00
16	1	5	3	2	4	6	3206.00	3436.00	718.00	445.00	369.00	326.00
16	1	2	3	4	5	6	4688.00	2200.00	793.00	1305.00	611.00	286.00
16	4	2	1	5	6	3	2457.00	2052.00	1297.00	273.00	530.00	221.00
16	1	3	2	4	5	6	5752.00	494.00	481.00	298.00	881.00	336.00
16	1	4	3	2	6	5	5770.00	2666.00	2672.00	301.00	283.00	303.00
16	6	1	5	4	3	2	1845.00	904.00	1644.00	856.00	338.00	241.00
16	1	3	4	6	5	2	4519.00	805.00	743.00	628.00	497.00	263.00
16	1	2	3	4	5	6	4968.00	1183.00	1018.00	626.00	487.00	371.00
16	4	1	3	6	5	2	6053.00	791.00	875.00	755.00	554.00	819.00
16	5	1	2	3	4	6	5731.00	667.00	721.00	416.00	764.00	179.00
16	4	3	1	6	5	2	1731.00	585.00	592.00	304.00	255.00	195.00
16	5	2	1	6	4	3	3265.00	793.00	688.00	1027.00	319.00	256.00
16	1	3	6	4	2	5	4930.00	1208.00	2361.00	410.00	461.00	235.00
16	1	3	2	4	5	6	3799.00	951.00	1011.00	1060.00	312.00	433.00
16	1	4	3	5	2	6	5094.00	1052.00	805.00	791.00	367.00	266.00
16	1	2	3	5	4	6	2394.00	2136.00	701.00	1802.00	245.00	257.00
16	2	5	1	3	4	6	2265.00	736.00	218.00	705.00	286.00	186.00
16	1	2	3	4	5	6	3764.00	639.00	583.00	1309.00	232.00	169.00
16	1	2	5	4	3	6	5722.00	3609.00	485.00	1225.00	260.00	331.00
16	4	2	6	3	5	1	3896.00	691.00	893.00	247.00	923.00	258.00
16	1	2	3	6	5	4	3311.00	1138.00	1090.00	435.00	180.00	211.00
16	1	2	3	5	4	6	1511.00	3545.00	368.00	1508.00	214.00	218.00
16	1	2	4	5	3	6	2754.00	782.00	2395.00	849.00	1067.00	231.00
16	1	2	3	6	4	5	4934.00	1069.00	1337.00	672.00	320.00	434.00
16	1	6	3	4	5	2	2213.00	3353.00	572.00	639.00	818.00	351.00
16	1	2	3	4	6	5	1865.00	858.00	1652.00	474.00	747.00	304.00
16	1	6	4	3	5	2	1214.00	726.00	369.00	532.00	567.00	330.00
16	5	1	2	4	3	6	3363.00	688.00	1338.00	250.00	198.00	184.00
16	6	3	1	4	5	2	976.00	250.00	230.00	215.00	252.00	192.00
16	5	2	3	4	1	6	4821.00	359.00	552.00	257.00	271.00	225.00
16	5	2	3	4	6	1	5917.00	507.00	273.00	378.00	215.00	324.00
17	1	6	5	4	2	3	3937.00	1782.00	3327.00	740.00	681.00	465.00
17	1	2	3	4	6	5	2632.00	589.00	874.00	922.00	1240.00	462.00
17	2	4	1	6	5	3	3414.00	1291.00	2123.00	525.00	440.00	409.00
17	1	3	2	4	5	6	5790.00	6523.00	1242.00	2863.00	303.00	606.00
17	1	4	6	3	5	2	6049.00	1985.00	624.00	574.00	345.00	423.00
17	3	1	2	6	5	4	9676.00	623.00	693.00	791.00	383.00	621.00
17	4	2	3	6	1	5	5243.00	742.00	1195.00	361.00	546.00	440.00
17	3	2	4	5	6	1	5552.00	823.00	4059.00	464.00	566.00	377.00
17	1	2	3	4	6	5	2303.00	3934.00	1577.00	464.00	590.00	326.00
17	1	2	3	6	5	4	3158.00	5809.00	3753.00	770.00	340.00	563.00
17	1	2	5	3	4	6	3880.00	1097.00	8816.00	1165.00	354.00	428.00
17	1	2	3	4	5	6	3113.00	2421.00	688.00	3507.00	458.00	456.00
17	4	2	3	1	5	6	12016.00	797.00	932.00	934.00	623.00	501.00
17	1	2	3	5	4	6	4328.00	1153.00	919.00	1758.00	673.00	633.00
17	1	2	3	5	6	4	13550.00	623.00	1029.00	1729.00	279.00	480.00
17	1	3	5	2	4	6	2026.00	1874.00	3298.00	1138.00	418.00	408.00
17	1	2	3	5	4	6	2689.00	3408.00	605.00	968.00	361.00	810.00
17	1	2	3	4	6	5	4017.00	5875.00	2121.00	2915.00	447.00	442.00
17	1	2	3	5	6	4	8317.00	1081.00	1583.00	1200.00	478.00	439.00
17	1	3	5	4	2	6	2397.00	1795.00	3710.00	4711.00	593.00	537.00
17	1	2	4	5	6	3	5941.00	488.00	2331.00	431.00	744.00	525.00
17	1	2	3	4	5	6	5166.00	2809.00	800.00	2575.00	362.00	355.00
17	1	4	3	2	5	6	2515.00	5489.00	579.00	2832.00	397.00	390.00
17	1	2	3	6	5	4	5784.00	1275.00	6816.00	5343.00	415.00	578.00
17	1	3	6	2	5	4	3172.00	2314.00	8136.00	1055.00	368.00	292.00
17	1	2	3	5	4	6	6050.00	665.00	1215.00	1751.00	552.00	472.00
17	2	1	3	5	4	6	5385.00	3824.00	1350.00	456.00	1115.00	362.00
17	1	2	5	3	4	6	6910.00	648.00	2618.00	1093.00	990.00	450.00
17	2	6	3	4	5	1	6616.00	1544.00	1553.00	1299.00	347.00	386.00
17	1	2	3	4	5	6	2345.00	1527.00	1886.00	3201.00	311.00	344.00
17	1	3	2	4	6	5	7790.00	1049.00	1962.00	2453.00	456.00	430.00
17	2	3	6	4	1	5	4905.00	7026.00	1128.00	937.00	2003.00	581.00
17	2	3	4	6	5	1	8578.00	511.00	872.00	239.00	504.00	526.00
17	1	6	3	5	4	2	3681.00	5866.00	512.00	2000.00	859.00	279.00
17	1	5	3	4	2	6	3144.00	6977.00	815.00	593.00	321.00	355.00
17	1	2	3	6	5	4	1814.00	700.00	1193.00	519.00	312.00	297.00
17	1	6	3	2	4	5	3959.00	4534.00	446.00	594.00	218.00	273.00
17	1	2	3	4	5	6	2189.00	660.00	1937.00	1542.00	368.00	300.00
17	1	2	3	6	4	5	7279.00	4823.00	705.00	1174.00	1062.00	370.00
17	1	2	3	5	4	6	8365.00	432.00	713.00	1377.00	528.00	523.00
17	1	2	3	4	5	6	3657.00	560.00	952.00	2151.00	358.00	415.00
17	1	2	3	4	6	5	4767.00	1198.00	1820.00	2610.00	842.00	433.00
17	1	2	3	4	5	6	4636.00	785.00	668.00	1754.00	1586.00	356.00
17	3	2	4	1	5	-1	10584.00	637.00	341.00	443.00	351.00	0.00
17	1	2	3	4	5	6	4329.00	498.00	1511.00	1857.00	359.00	440.00
17	1	2	3	4	5	6	4755.00	2920.00	782.00	4835.00	391.00	336.00
17	5	2	3	4	1	6	6663.00	422.00	2068.00	1268.00	431.00	272.00
17	1	2	3	5	4	6	15918.00	411.00	2038.00	369.00	348.00	410.00
17	1	5	3	4	2	6	4384.00	6395.00	999.00	1581.00	1183.00	554.00
17	1	2	3	4	5	6	5878.00	5871.00	2124.00	4470.00	2081.00	323.00
17	1	3	2	4	5	6	2938.00	7035.00	724.00	710.00	278.00	399.00
17	1	2	3	5	4	6	8354.00	1146.00	558.00	1246.00	267.00	434.00
17	5	2	4	1	3	6	1902.00	438.00	758.00	398.00	503.00	677.00
17	2	3	1	4	5	6	8135.00	438.00	471.00	2080.00	1434.00	670.00
17	6	2	3	5	4	1	9599.00	642.00	978.00	1014.00	655.00	482.00
17	1	2	5	4	3	6	5232.00	936.00	2425.00	391.00	448.00	380.00
17	3	1	4	5	2	6	6201.00	631.00	2183.00	318.00	440.00	553.00
17	1	2	3	5	6	4	2480.00	8105.00	674.00	738.00	327.00	435.00
17	1	2	3	6	4	5	4278.00	2661.00	815.00	3768.00	932.00	1285.00
17	1	3	4	6	2	5	2998.00	5194.00	2858.00	772.00	814.00	440.00
17	2	3	1	5	4	6	8936.00	1012.00	1445.00	826.00	598.00	319.00
17	4	6	1	3	5	2	5503.00	427.00	449.00	316.00	974.00	334.00
17	1	2	3	5	4	6	3629.00	683.00	739.00	2576.00	395.00	488.00
17	1	4	3	5	6	2	4114.00	649.00	692.00	2014.00	979.00	423.00
17	1	5	3	2	4	6	6760.00	3833.00	642.00	2146.00	464.00	382.00
17	1	2	3	4	5	6	4547.00	662.00	1483.00	1871.00	1280.00	485.00
17	1	3	2	4	5	6	7807.00	639.00	319.00	1689.00	271.00	505.00
17	1	3	4	5	2	6	2010.00	5671.00	1836.00	816.00	530.00	421.00
17	3	4	1	5	2	6	7963.00	3216.00	776.00	1602.00	510.00	431.00
17	1	5	6	3	2	4	3419.00	11530.00	3377.00	400.00	561.00	337.00
17	1	2	3	4	6	5	4703.00	1409.00	921.00	2488.00	400.00	497.00
17	1	2	3	4	5	6	2636.00	1729.00	1783.00	1168.00	448.00	444.00
17	3	1	4	2	5	6	8345.00	770.00	3204.00	1681.00	349.00	475.00
17	1	3	2	4	5	6	9662.00	1871.00	1839.00	4066.00	399.00	376.00
17	4	2	1	3	5	6	6281.00	1159.00	565.00	1816.00	470.00	526.00
17	1	2	3	4	6	5	9648.00	1407.00	3774.00	1993.00	1113.00	439.00
17	1	2	3	6	5	4	5635.00	1001.00	3904.00	517.00	469.00	398.00
17	1	2	3	4	5	6	13028.00	5087.00	801.00	1448.00	496.00	311.00
17	1	2	3	4	5	6	10865.00	741.00	698.00	2447.00	280.00	633.00
17	1	2	6	4	5	3	4968.00	4927.00	2475.00	1353.00	419.00	450.00
18	4	1	3	2	6	5	3167.00	805.00	695.00	1273.00	455.00	682.00
18	1	2	3	5	4	6	1661.00	1019.00	1215.00	2136.00	596.00	589.00
18	3	2	1	4	5	6	2306.00	2152.00	616.00	1146.00	782.00	362.00
18	2	4	3	1	5	6	2830.00	6939.00	673.00	1761.00	660.00	634.00
18	3	2	1	4	5	6	3689.00	1237.00	458.00	504.00	1334.00	406.00
18	3	1	2	4	5	6	3871.00	912.00	1132.00	2301.00	576.00	507.00
18	1	2	-1	-1	5	4	2791.00	483.00	0.00	0.00	753.00	401.00
18	6	2	4	1	3	5	2626.00	839.00	663.00	1460.00	571.00	518.00
18	2	3	1	4	5	6	3825.00	1734.00	2453.00	1112.00	539.00	449.00
18	1	2	3	6	5	4	2688.00	4712.00	690.00	1964.00	479.00	808.00
18	4	2	5	1	3	6	1508.00	694.00	2537.00	2252.00	352.00	609.00
18	1	2	6	3	4	5	2168.00	1226.00	1037.00	2403.00	1572.00	499.00
18	2	3	1	4	5	6	2777.00	811.00	2877.00	1274.00	887.00	777.00
18	2	3	5	6	4	1	1823.00	800.00	935.00	1193.00	646.00	569.00
18	2	3	1	4	6	5	4920.00	916.00	546.00	496.00	1579.00	418.00
18	2	1	3	6	5	4	2145.00	728.00	538.00	1304.00	667.00	480.00
18	3	1	4	5	2	6	4618.00	690.00	620.00	1305.00	548.00	418.00
18	5	6	3	2	4	1	4638.00	747.00	680.00	1360.00	1357.00	530.00
18	2	1	3	4	5	6	3117.00	952.00	711.00	790.00	635.00	747.00
18	4	3	2	5	6	1	2544.00	691.00	2565.00	1093.00	494.00	402.00
18	4	6	3	5	2	1	2243.00	732.00	815.00	1321.00	638.00	518.00
18	1	2	5	4	6	3	2314.00	729.00	883.00	1458.00	714.00	681.00
18	1	3	2	4	5	6	6368.00	918.00	757.00	709.00	954.00	561.00
18	5	4	1	2	6	3	2904.00	1666.00	1067.00	1006.00	448.00	563.00
18	1	2	6	4	5	3	2286.00	599.00	1184.00	1387.00	493.00	384.00
18	6	2	1	3	4	5	4939.00	921.00	760.00	1096.00	528.00	420.00
18	1	3	4	2	6	5	1553.00	1619.00	2090.00	1486.00	683.00	483.00
18	5	1	3	4	2	6	2567.00	2958.00	642.00	1298.00	530.00	477.00
18	4	1	-1	-1	5	6	2859.00	1012.00	0.00	0.00	2236.00	658.00
18	3	5	4	2	1	6	3746.00	1000.00	742.00	2123.00	741.00	658.00
18	2	1	5	4	3	6	2431.00	1140.00	840.00	2023.00	871.00	1779.00
18	1	2	3	4	5	6	3134.00	859.00	1752.00	673.00	785.00	453.00
18	1	2	3	5	4	6	2312.00	2814.00	416.00	1147.00	463.00	437.00
18	1	3	2	4	5	6	2914.00	1078.00	780.00	1616.00	734.00	793.00
18	6	2	1	3	5	4	2389.00	851.00	2517.00	1643.00	542.00	508.00
18	6	1	2	4	5	3	3949.00	546.00	472.00	537.00	475.00	428.00
18	5	2	1	4	3	6	2758.00	682.00	586.00	1144.00	595.00	507.00
18	1	3	5	2	4	6	2340.00	1720.00	428.00	1242.00	399.00	336.00
18	1	2	5	3	6	4	1408.00	815.00	1801.00	1476.00	897.00	691.00
18	1	6	3	5	2	4	4151.00	1247.00	527.00	906.00	910.00	450.00
18	3	4	2	1	5	6	1033.00	1471.00	505.00	1215.00	751.00	391.00
18	2	1	3	6	4	5	1579.00	1010.00	4171.00	2829.00	825.00	446.00
18	3	2	5	6	4	1	2912.00	1492.00	723.00	699.00	1240.00	486.00
18	2	1	6	4	3	5	4167.00	1505.00	587.00	873.00	632.00	448.00
18	3	1	4	5	2	6	2394.00	520.00	808.00	762.00	538.00	455.00
18	1	2	3	4	6	5	2278.00	432.00	761.00	1672.00	361.00	506.00
18	5	2	3	1	4	6	4571.00	691.00	662.00	1675.00	703.00	604.00
18	5	2	6	4	1	3	4869.00	679.00	671.00	1022.00	546.00	568.00
18	1	2	3	5	4	6	3017.00	946.00	830.00	1155.00	721.00	553.00
18	1	4	2	3	5	6	3925.00	816.00	1274.00	1415.00	719.00	535.00
18	1	2	3	4	6	5	2387.00	3041.00	920.00	1342.00	913.00	1152.00
18	6	3	5	1	4	2	2574.00	552.00	385.00	1271.00	434.00	371.00
18	1	4	6	3	5	2	5189.00	541.00	587.00	2656.00	339.00	449.00
18	4	2	3	1	6	5	3808.00	660.00	889.00	1394.00	503.00	509.00
18	1	2	3	4	5	6	2571.00	2027.00	1131.00	3203.00	769.00	635.00
18	3	4	2	1	5	6	3264.00	592.00	488.00	2219.00	463.00	477.00
18	2	1	3	5	4	6	1023.00	546.00	560.00	1265.00	539.00	545.00
18	-1	-1	5	2	4	6	0.00	0.00	1780.00	490.00	429.00	419.00
18	5	4	1	3	2	6	2789.00	600.00	496.00	526.00	457.00	415.00
18	5	3	4	2	1	6	3167.00	725.00	943.00	3267.00	734.00	456.00
18	1	3	4	2	6	5	2367.00	1872.00	768.00	562.00	1306.00	557.00
18	1	2	5	6	3	4	4778.00	640.00	600.00	1160.00	550.00	462.00
18	1	6	3	4	5	2	693.00	936.00	697.00	1438.00	635.00	587.00
18	3	2	6	4	1	5	3030.00	586.00	1223.00	1482.00	487.00	874.00
18	4	1	5	3	-1	-1	3344.00	1472.00	1001.00	1752.00	0.00	0.00
18	4	3	5	6	2	1	5492.00	633.00	673.00	561.00	641.00	561.00
18	2	3	6	1	5	4	1041.00	624.00	701.00	1954.00	562.00	682.00
18	1	2	3	4	5	6	1000.00	2166.00	656.00	1363.00	720.00	486.00
18	6	1	5	3	4	2	3545.00	1320.00	1565.00	2489.00	578.00	447.00
18	5	2	3	4	6	1	3519.00	544.00	470.00	567.00	874.00	377.00
18	1	4	3	6	5	2	2181.00	1489.00	560.00	985.00	509.00	403.00
18	4	2	3	5	1	6	3529.00	853.00	727.00	969.00	882.00	881.00
18	1	2	3	5	4	6	2062.00	1043.00	1489.00	3016.00	1033.00	720.00
18	2	1	3	5	4	6	4474.00	784.00	724.00	1999.00	481.00	546.00
18	2	1	6	5	4	3	3560.00	745.00	590.00	942.00	738.00	399.00
18	4	6	5	2	3	1	5572.00	768.00	706.00	887.00	817.00	2107.00
18	2	4	3	1	6	5	4124.00	646.00	497.00	2263.00	419.00	633.00
18	4	5	2	3	6	1	2206.00	576.00	403.00	2902.00	2992.00	1364.00
18	5	2	4	3	1	6	3546.00	641.00	849.00	507.00	601.00	4537.00
18	2	1	3	4	5	6	3714.00	1714.00	638.00	878.00	541.00	554.00
19	1	6	2	4	5	3	2725.00	4352.00	420.00	2945.00	1498.00	369.00
19	-1	-1	2	4	-1	-1	0.00	0.00	595.00	446.00	0.00	0.00
19	-1	2	4	6	-1	-1	0.00	1679.00	4254.00	839.00	0.00	0.00
19	4	2	6	5	1	3	2529.00	7843.00	715.00	2795.00	1083.00	387.00
19	1	3	2	4	5	6	6024.00	973.00	946.00	1176.00	884.00	582.00
19	1	6	3	4	2	5	3321.00	4521.00	734.00	678.00	1152.00	710.00
19	1	3	6	2	5	4	5789.00	6348.00	2451.00	3504.00	433.00	454.00
19	-1	-1	3	5	6	-1	0.00	0.00	810.00	2134.00	4274.00	0.00
19	1	3	6	4	5	2	1562.00	9293.00	598.00	771.00	2106.00	366.00
19	1	2	3	5	4	6	3620.00	4631.00	736.00	3176.00	975.00	340.00
19	1	2	4	3	6	5	1458.00	723.00	5107.00	1584.00	483.00	389.00
19	1	2	5	6	4	3	4425.00	1147.00	3280.00	2387.00	484.00	790.00
19	-1	4	-1	-1	-1	6	0.00	1420.00	0.00	0.00	0.00	525.00
19	5	1	4	6	3	2	6297.00	1250.00	763.00	1994.00	403.00	745.00
19	-1	-1	-1	5	-1	6	0.00	0.00	0.00	548.00	0.00	540.00
19	1	6	2	4	5	3	1469.00	974.00	2147.00	1022.00	354.00	466.00
19	1	2	3	5	4	6	6816.00	1475.00	2771.00	1028.00	926.00	358.00
19	1	6	4	3	5	2	1093.00	7013.00	2295.00	692.00	845.00	575.00
19	6	1	4	5	3	2	6673.00	826.00	629.00	2393.00	794.00	575.00
19	1	2	5	4	3	6	3728.00	847.00	6066.00	981.00	458.00	397.00
19	3	1	6	5	2	4	7123.00	521.00	450.00	1198.00	506.00	403.00
19	2	1	3	4	6	5	6322.00	650.00	629.00	465.00	789.00	1658.00
19	1	2	5	4	6	3	1520.00	3390.00	2468.00	785.00	647.00	466.00
19	-1	-1	-1	4	6	5	0.00	0.00	0.00	1443.00	973.00	370.00
19	6	1	4	5	3	2	16678.00	569.00	248.00	477.00	279.00	602.00
19	1	5	3	6	4	2	958.00	7299.00	617.00	518.00	647.00	570.00
19	1	-1	-1	-1	4	6	1014.00	0.00	0.00	0.00	1398.00	345.00
19	1	4	2	3	5	6	2061.00	5515.00	1758.00	1818.00	835.00	1047.00
19	1	3	4	5	2	6	1131.00	1506.00	3081.00	2307.00	1040.00	515.00
19	1	2	3	4	5	6	850.00	8756.00	1683.00	778.00	696.00	625.00
19	1	2	4	3	5	6	6245.00	1880.00	5335.00	1473.00	794.00	1094.00
19	1	2	6	4	5	3	4322.00	2447.00	453.00	625.00	925.00	356.00
19	1	2	5	3	4	6	1617.00	938.00	1585.00	2805.00	699.00	485.00
19	1	3	2	4	5	6	1337.00	598.00	1035.00	2094.00	707.00	411.00
19	1	2	3	5	4	6	1944.00	5028.00	771.00	466.00	909.00	333.00
19	1	3	2	4	6	5	5185.00	1210.00	541.00	1789.00	1471.00	408.00
19	4	5	3	1	6	2	3739.00	673.00	1179.00	1912.00	565.00	612.00
19	3	1	2	4	6	5	8746.00	498.00	764.00	683.00	1276.00	364.00
19	1	2	6	4	5	3	10600.00	489.00	427.00	440.00	476.00	374.00
19	1	5	3	2	4	6	11283.00	1015.00	826.00	1022.00	633.00	437.00
19	1	2	3	4	5	6	4878.00	956.00	1035.00	4485.00	516.00	813.00
19	1	3	2	4	5	6	10368.00	586.00	593.00	566.00	429.00	354.00
19	1	2	3	4	5	6	840.00	10059.00	524.00	476.00	839.00	474.00
19	6	2	1	5	3	4	4442.00	1611.00	957.00	1315.00	882.00	747.00
19	5	4	1	3	2	6	9644.00	1614.00	480.00	474.00	645.00	320.00
19	-1	-1	-1	6	5	2	0.00	0.00	0.00	16266.00	952.00	318.00
19	1	4	2	6	5	3	1779.00	4374.00	849.00	2164.00	1582.00	1456.00
19	-1	-1	-1	4	-1	5	0.00	0.00	0.00	761.00	0.00	338.00
19	4	5	2	3	1	6	11973.00	1131.00	1322.00	1209.00	972.00	457.00
19	1	-1	2	-1	5	-1	2163.00	0.00	540.00	0.00	723.00	0.00
19	-1	2	4	5	3	1	0.00	815.00	2251.00	2618.00	1808.00	434.00
19	3	4	1	6	2	5	5089.00	5078.00	795.00	3608.00	884.00	742.00
19	1	4	3	5	2	6	4559.00	1475.00	643.00	1382.00	1114.00	1033.00
19	-1	3	4	5	6	-1	0.00	1823.00	3400.00	1197.00	1121.00	0.00
19	1	2	3	6	4	5	2480.00	2429.00	1099.00	4219.00	749.00	1132.00
19	-1	-1	-1	-1	5	6	0.00	0.00	0.00	0.00	710.00	1447.00
19	1	2	5	4	6	3	5573.00	605.00	1746.00	598.00	596.00	689.00
19	5	2	6	4	3	1	5475.00	559.00	3774.00	1915.00	784.00	654.00
19	5	2	3	1	6	4	6614.00	530.00	682.00	1516.00	330.00	419.00
19	6	3	1	2	5	4	13921.00	859.00	693.00	1247.00	472.00	627.00
19	2	1	3	5	4	6	10506.00	790.00	827.00	1927.00	755.00	731.00
19	1	3	6	4	2	5	4105.00	872.00	5234.00	2953.00	1449.00	586.00
19	1	2	3	5	4	6	1410.00	2117.00	801.00	1134.00	708.00	373.00
19	3	2	6	4	1	5	13402.00	1043.00	685.00	727.00	678.00	320.00
19	1	2	5	6	3	4	7553.00	565.00	3083.00	1134.00	365.00	692.00
19	1	2	3	5	4	6	1741.00	2530.00	3660.00	2286.00	859.00	509.00
19	1	2	3	4	5	6	1509.00	15203.00	663.00	1617.00	779.00	656.00
19	3	5	6	2	4	1	16390.00	1350.00	763.00	2737.00	651.00	670.00
19	1	2	3	4	5	6	1670.00	878.00	1143.00	1709.00	763.00	481.00
19	1	3	2	4	5	6	2323.00	7847.00	1021.00	1312.00	1151.00	597.00
19	1	3	2	4	5	6	10121.00	2333.00	544.00	552.00	471.00	370.00
19	-1	-1	-1	-1	5	6	0.00	0.00	0.00	0.00	1143.00	421.00
19	4	2	3	6	5	1	6981.00	1137.00	519.00	2392.00	561.00	480.00
19	1	2	3	4	5	6	7135.00	2012.00	636.00	2352.00	643.00	822.00
19	1	2	3	5	4	6	2872.00	3980.00	1008.00	6212.00	344.00	1008.00
19	1	3	2	4	5	6	1939.00	1879.00	2149.00	4032.00	499.00	461.00
19	1	3	2	4	5	6	8354.00	2923.00	1549.00	1250.00	507.00	428.00
19	1	2	3	4	6	5	2818.00	840.00	1067.00	4741.00	785.00	614.00
19	5	2	4	3	1	6	6546.00	856.00	2394.00	1163.00	328.00	361.00
19	1	5	2	6	3	4	1766.00	2553.00	8163.00	387.00	434.00	375.00
20	1	2	6	5	4	3	1800.00	2090.00	2456.00	598.00	747.00	378.00
20	1	2	3	4	5	6	3203.00	2488.00	941.00	1683.00	555.00	426.00
20	6	2	3	1	4	5	6546.00	704.00	729.00	1569.00	613.00	698.00
20	1	2	3	5	4	6	3437.00	1401.00	1132.00	786.00	464.00	659.00
20	1	6	5	3	2	4	1151.00	741.00	1660.00	732.00	420.00	1425.00
20	1	2	3	4	5	6	4857.00	1351.00	821.00	753.00	416.00	357.00
20	1	6	5	3	2	4	1477.00	733.00	851.00	743.00	349.00	316.00
20	1	4	2	5	3	6	753.00	688.00	418.00	599.00	468.00	408.00
20	4	2	3	1	5	6	5579.00	771.00	522.00	747.00	634.00	406.00
20	5	2	3	1	4	6	2751.00	992.00	1548.00	2256.00	351.00	383.00
20	1	2	3	6	4	5	2527.00	1482.00	2098.00	1647.00	783.00	452.00
20	2	6	5	3	4	1	761.00	455.00	338.00	548.00	379.00	514.00
20	6	5	1	3	2	4	790.00	962.00	1393.00	1188.00	1208.00	667.00
20	6	1	3	2	4	5	668.00	311.00	497.00	330.00	299.00	894.00
20	6	5	2	4	3	1	1501.00	1556.00	1472.00	1065.00	554.00	418.00
20	4	1	2	6	3	5	973.00	1450.00	987.00	1920.00	1029.00	1240.00
20	6	4	2	5	3	1	6427.00	278.00	233.00	390.00	300.00	407.00
20	1	3	2	-1	6	4	1968.00	1219.00	846.00	0.00	1722.00	519.00
20	3	2	1	4	5	6	2618.00	513.00	450.00	646.00	577.00	399.00
20	3	1	6	2	5	4	7686.00	379.00	338.00	579.00	377.00	792.00
20	1	2	5	4	3	6	972.00	2338.00	461.00	512.00	361.00	545.00
20	5	6	3	4	1	2	4386.00	412.00	370.00	1001.00	330.00	547.00
20	4	5	1	6	2	3	2106.00	799.00	476.00	663.00	401.00	423.00
20	1	2	6	4	5	3	1327.00	764.00	643.00	374.00	405.00	355.00
20	1	2	3	4	5	6	2966.00	750.00	349.00	557.00	596.00	393.00
20	1	5	3	4	2	6	782.00	532.00	492.00	894.00	374.00	373.00
20	1	3	4	2	5	6	672.00	403.00	385.00	472.00	411.00	336.00
20	5	2	1	6	4	3	2182.00	591.00	900.00	644.00	361.00	511.00
20	6	1	2	3	5	4	1779.00	389.00	675.00	397.00	435.00	368.00
20	3	5	2	4	1	6	5136.00	290.00	613.00	466.00	333.00	1030.00
20	5	1	2	3	4	6	1824.00	769.00	1976.00	322.00	265.00	309.00
20	6	3	2	5	4	1	3531.00	811.00	664.00	602.00	560.00	431.00
20	3	2	5	4	6	1	3244.00	744.00	599.00	404.00	434.00	575.00
20	4	2	5	6	3	1	1672.00	648.00	755.00	722.00	842.00	517.00
20	4	2	1	6	3	5	3671.00	497.00	474.00	493.00	527.00	455.00
20	1	3	6	4	2	5	3978.00	518.00	1215.00	778.00	912.00	344.00
20	3	1	4	5	2	6	1347.00	352.00	2248.00	559.00	478.00	448.00
20	2	5	1	4	3	6	2044.00	396.00	322.00	603.00	393.00	464.00
20	1	2	3	4	5	6	1571.00	3487.00	664.00	619.00	656.00	331.00
20	6	4	1	5	3	2	1267.00	604.00	601.00	1199.00	811.00	399.00
20	5	1	3	4	2	6	1157.00	913.00	465.00	284.00	488.00	482.00
20	5	3	1	4	2	6	2672.00	620.00	401.00	551.00	319.00	376.00
20	4	5	3	1	2	6	1417.00	339.00	371.00	355.00	244.00	353.00
20	1	2	3	4	5	6	1964.00	695.00	1040.00	323.00	468.00	511.00
20	1	2	3	4	6	5	2099.00	447.00	747.00	322.00	315.00	381.00
20	5	4	3	1	2	6	1222.00	681.00	619.00	320.00	441.00	413.00
20	5	1	3	4	2	6	3252.00	351.00	368.00	442.00	613.00	410.00
20	5	1	2	6	3	4	1971.00	358.00	485.00	336.00	481.00	675.00
20	1	2	3	4	5	6	3957.00	619.00	335.00	608.00	565.00	452.00
20	1	2	3	5	4	6	1506.00	984.00	533.00	350.00	210.00	416.00
20	2	3	6	4	5	1	2384.00	441.00	429.00	602.00	399.00	341.00
20	2	6	1	4	3	5	2241.00	408.00	317.00	311.00	377.00	352.00
20	5	1	4	3	6	2	456.00	299.00	317.00	383.00	438.00	491.00
20	5	3	6	1	2	4	1555.00	1063.00	1225.00	1203.00	1167.00	1364.00
20	3	6	2	5	1	4	876.00	437.00	418.00	295.00	346.00	386.00
20	3	1	5	6	2	4	822.00	689.00	739.00	379.00	265.00	357.00
20	3	6	2	5	4	1	981.00	330.00	331.00	364.00	651.00	318.00
20	6	3	1	5	2	4	1301.00	1292.00	1372.00	1344.00	1222.00	1305.00
20	4	1	5	2	3	6	933.00	1580.00	496.00	417.00	431.00	283.00
20	1	4	2	3	5	6	773.00	371.00	268.00	328.00	233.00	366.00
20	6	2	1	4	5	3	1088.00	472.00	387.00	402.00	377.00	280.00
20	6	1	2	3	5	4	2366.00	504.00	522.00	843.00	381.00	564.00
20	2	3	5	4	6	1	1865.00	408.00	382.00	557.00	260.00	512.00
20	5	1	3	4	6	2	1328.00	1086.00	1470.00	230.00	604.00	281.00
20	5	4	2	3	1	6	996.00	305.00	267.00	335.00	336.00	265.00
20	3	5	1	4	2	6	563.00	298.00	286.00	306.00	331.00	437.00
20	3	4	2	5	6	1	338.00	219.00	289.00	244.00	288.00	267.00
20	4	3	2	1	5	6	754.00	249.00	335.00	352.00	296.00	315.00
20	2	4	1	3	5	6	1206.00	393.00	559.00	358.00	590.00	2131.00
20	6	3	4	1	2	5	1108.00	459.00	310.00	312.00	322.00	315.00
20	6	1	4	2	3	5	2173.00	591.00	756.00	299.00	325.00	230.00
20	3	2	4	6	1	5	2085.00	226.00	280.00	243.00	215.00	253.00
20	3	2	4	5	1	6	804.00	273.00	372.00	315.00	309.00	487.00
20	4	3	5	2	1	6	946.00	640.00	324.00	301.00	354.00	346.00
20	3	6	1	5	4	2	1227.00	245.00	324.00	269.00	608.00	269.00
20	6	1	2	4	5	3	3836.00	1038.00	457.00	596.00	266.00	230.00
20	4	1	3	5	2	6	2591.00	775.00	325.00	414.00	227.00	235.00
20	1	6	5	4	3	2	2587.00	1371.00	395.00	721.00	314.00	348.00
20	1	3	6	4	5	2	2090.00	496.00	570.00	344.00	401.00	287.00
20	5	6	4	2	3	1	256.00	212.00	258.00	302.00	296.00	299.00
21	1	2	3	4	5	6	3272.00	914.00	1082.00	867.00	389.00	531.00
21	1	2	4	3	5	6	2405.00	2837.00	2754.00	691.00	733.00	516.00
21	1	2	3	4	5	6	1862.00	2781.00	3356.00	1003.00	552.00	599.00
21	6	2	1	4	5	3	5236.00	2555.00	3052.00	1040.00	667.00	389.00
21	1	2	3	4	5	6	1518.00	2508.00	848.00	1195.00	390.00	412.00
21	1	2	3	4	6	5	4513.00	2646.00	1995.00	508.00	662.00	656.00
21	1	2	4	5	3	6	6786.00	1494.00	2117.00	1161.00	462.00	433.00
21	1	2	5	3	4	6	4513.00	4855.00	1110.00	493.00	463.00	320.00
21	1	2	3	4	6	5	1045.00	1439.00	777.00	1134.00	2661.00	626.00
21	1	6	3	4	2	5	3207.00	5285.00	2074.00	616.00	557.00	356.00
21	5	2	3	1	4	6	2880.00	1291.00	1099.00	3090.00	533.00	381.00
21	2	3	1	4	5	6	3888.00	1248.00	1226.00	988.00	641.00	484.00
21	1	4	3	2	5	6	2751.00	3312.00	721.00	2962.00	362.00	586.00
21	6	2	-1	1	4	5	13790.00	870.00	0.00	2783.00	1526.00	460.00
21	1	2	3	4	5	6	2401.00	961.00	1591.00	914.00	554.00	274.00
21	2	5	3	4	1	6	3656.00	2681.00	1349.00	859.00	605.00	362.00
21	1	2	3	6	5	4	2253.00	1036.00	1031.00	1074.00	507.00	668.00
21	6	2	3	1	4	5	2659.00	2489.00	845.00	2440.00	1503.00	421.00
21	1	3	2	5	4	6	2785.00	5937.00	762.00	504.00	402.00	400.00
21	1	2	3	4	6	5	1755.00	3791.00	2412.00	531.00	1100.00	548.00
21	1	2	6	4	5	3	3641.00	3052.00	896.00	785.00	526.00	511.00
21	1	2	3	4	5	6	2031.00	1503.00	990.00	923.00	1338.00	400.00
21	1	2	3	-1	-1	4	1994.00	4868.00	762.00	0.00	0.00	433.00
21	1	2	3	4	5	6	3963.00	2200.00	1688.00	1415.00	674.00	691.00
21	2	1	3	5	4	6	4004.00	487.00	489.00	923.00	427.00	440.00
21	1	2	3	4	5	6	1255.00	3720.00	471.00	970.00	1176.00	580.00
21	1	2	3	4	5	6	2967.00	2223.00	1119.00	1054.00	368.00	424.00
21	1	2	3	5	4	6	7520.00	892.00	1029.00	2368.00	609.00	358.00
21	1	6	3	4	2	5	2317.00	5696.00	883.00	1789.00	455.00	475.00
21	1	2	3	4	5	6	2571.00	652.00	735.00	2223.00	479.00	298.00
21	1	2	3	4	5	6	1711.00	525.00	493.00	1751.00	507.00	452.00
21	3	2	5	1	4	6	3876.00	813.00	2097.00	2054.00	293.00	335.00
21	1	2	3	4	5	6	1750.00	2234.00	585.00	2512.00	363.00	411.00
21	1	2	3	4	5	6	2944.00	3793.00	1013.00	1353.00	350.00	431.00
21	1	5	3	4	2	6	1772.00	3376.00	1014.00	5346.00	596.00	465.00
21	1	2	3	4	5	6	3649.00	1451.00	724.00	1068.00	398.00	356.00
21	1	2	3	4	5	6	2173.00	2207.00	647.00	2042.00	578.00	504.00
21	1	2	3	4	5	6	4802.00	875.00	709.00	877.00	367.00	334.00
21	6	2	3	5	4	1	4961.00	1675.00	594.00	2199.00	344.00	336.00
21	1	2	3	6	5	4	1835.00	627.00	1135.00	10382.00	504.00	362.00
21	1	2	3	6	4	5	2820.00	722.00	1291.00	2107.00	592.00	413.00
21	1	2	3	4	5	6	3348.00	795.00	944.00	2198.00	495.00	353.00
21	1	2	3	5	4	6	4668.00	2563.00	700.00	1077.00	318.00	360.00
21	1	2	3	4	5	6	8411.00	570.00	529.00	2249.00	440.00	411.00
21	1	2	3	5	4	6	1929.00	6374.00	588.00	1626.00	458.00	350.00
21	1	2	3	4	5	6	3602.00	711.00	767.00	6934.00	659.00	478.00
21	1	2	3	5	4	6	9772.00	2104.00	685.00	6095.00	472.00	451.00
21	1	2	3	4	5	6	5881.00	5972.00	562.00	1849.00	409.00	326.00
21	1	6	3	4	5	2	2099.00	1104.00	2760.00	1281.00	1033.00	836.00
21	1	2	3	4	5	6	4884.00	594.00	599.00	1029.00	744.00	343.00
21	1	2	3	4	5	6	4452.00	1124.00	1747.00	888.00	1297.00	472.00
21	1	2	3	4	5	6	4705.00	926.00	877.00	2167.00	457.00	340.00
21	1	5	2	3	4	6	2508.00	1464.00	7416.00	4105.00	695.00	457.00
21	1	2	3	4	5	6	6208.00	685.00	822.00	1331.00	417.00	326.00
21	1	2	3	4	5	6	5457.00	1998.00	590.00	643.00	1439.00	464.00
21	1	2	3	4	5	6	1017.00	8229.00	379.00	2130.00	910.00	502.00
21	1	2	3	5	4	6	4323.00	664.00	1003.00	1823.00	680.00	354.00
21	1	2	3	4	5	6	2328.00	2035.00	1404.00	647.00	674.00	620.00
21	1	3	2	4	5	6	6050.00	670.00	440.00	2076.00	370.00	402.00
21	1	2	3	4	6	5	3356.00	1963.00	1205.00	1825.00	3978.00	359.00
21	4	2	3	1	6	5	2640.00	4829.00	1061.00	2871.00	1059.00	348.00
21	1	2	3	4	5	6	4237.00	1398.00	1537.00	1118.00	374.00	349.00
21	1	2	3	6	4	5	8486.00	562.00	625.00	1453.00	406.00	363.00
21	1	2	3	5	4	6	1994.00	2804.00	842.00	3085.00	456.00	388.00
21	1	2	3	4	5	6	7987.00	484.00	550.00	950.00	412.00	514.00
21	1	2	3	5	4	6	4231.00	609.00	2350.00	1255.00	728.00	416.00
21	1	2	3	4	5	6	3945.00	584.00	478.00	5504.00	483.00	398.00
21	1	4	3	2	5	6	11205.00	6195.00	752.00	3672.00	609.00	654.00
21	1	5	3	4	2	6	1781.00	6119.00	631.00	1428.00	621.00	482.00
21	1	2	3	4	5	6	1329.00	2663.00	1132.00	618.00	447.00	587.00
21	3	2	4	5	1	6	15228.00	462.00	569.00	1792.00	571.00	418.00
21	1	2	3	4	5	6	1584.00	1187.00	1479.00	951.00	1013.00	609.00
21	1	2	3	4	5	6	3508.00	557.00	604.00	2017.00	418.00	375.00
21	1	2	3	4	5	6	4017.00	644.00	471.00	3419.00	391.00	397.00
21	1	2	3	5	4	6	1660.00	2923.00	885.00	4023.00	657.00	444.00
21	1	5	3	4	2	6	4036.00	782.00	747.00	698.00	596.00	369.00
21	1	2	3	4	5	6	1755.00	1055.00	1498.00	1232.00	347.00	299.00
21	3	2	1	4	5	6	3305.00	514.00	491.00	1773.00	432.00	413.00
21	1	2	3	4	5	6	2333.00	1816.00	1050.00	2220.00	404.00	498.00
21	1	2	3	4	5	6	1738.00	1279.00	1767.00	2282.00	695.00	409.00
